0.7085720028137876
0.7085720028137876
0.7085720028137876
0.7085720028137876
0.7085720028137876
0.7085720028137876
0.7085720028137876
0.7085720028137876
0.7085720028137876
0.7085720028137876
0.7085720028137876
0.7085720028137876
0.7085720028137876
0.7085720028137876
0.7085720028137876
0.7085720028137876
0.7085720028137876
0.7085720028137876
0.7085720028137876
0.7085720028137876
0.7085720028137876
0.7085720028137876
0.7085720028137876
0.7085720028137876
0.7085720028137876
0.7085720028137876
0.7085720028137876
0.7085720028137876
0.7085720028137876
0.7085720028137876
0.7085720028137876
