[[109   0]
 [ 28 570]]
[[109   0]
 [ 28 570]]
[[109   0]
 [ 29 569]]
[[109   0]
 [ 29 569]]
[[109   0]
 [ 30 568]]
[[109   0]
 [ 30 568]]
[[109   0]
 [ 31 567]]
[[109   0]
 [ 31 567]]
[[109   0]
 [ 31 567]]
[[109   0]
 [ 34 564]]
[[109   0]
 [ 36 562]]
[[109   0]
 [ 38 560]]
[[109   0]
 [ 40 558]]
[[109   0]
 [ 46 552]]
[[109   0]
 [ 47 551]]
[[109   0]
 [ 47 551]]
[[109   0]
 [ 56 542]]
[[109   0]
 [ 59 539]]
[[109   0]
 [ 70 528]]
[[109   0]
 [ 88 510]]
[[109   0]
 [ 99 499]]
[[109   0]
 [136 462]]
[[109   0]
 [297 301]]
[[109   0]
 [305 293]]
[[109   0]
 [373 225]]
