[[149 151]
 [ 52 248]]
[[144 156]
 [ 47 253]]
[[130 170]
 [ 37 263]]
[[128 172]
 [ 40 260]]
[[128 172]
 [ 41 259]]
[[126 174]
 [ 42 258]]
[[117 183]
 [ 42 258]]
[[114 186]
 [ 39 261]]
[[106 194]
 [ 33 267]]
[[ 84 216]
 [ 12 288]]
[[ 84 216]
 [ 12 288]]
[[ 75 225]
 [ 12 288]]
[[ 71 229]
 [ 12 288]]
[[ 71 229]
 [ 12 288]]
[[ 67 233]
 [ 11 289]]
[[ 67 233]
 [ 11 289]]
[[ 44 256]
 [  7 293]]
[[ 44 256]
 [  7 293]]
[[ 15 285]
 [  1 299]]
[[ 15 285]
 [  1 299]]
[[ 15 285]
 [  1 299]]
[[ 15 285]
 [  1 299]]
[[ 13 287]
 [  0 300]]
[[ 13 287]
 [  1 299]]
[[ 11 289]
 [  1 299]]
