[[ 51  58]
 [ 51 547]]
[[ 33  76]
 [ 33 565]]
[[ 38  71]
 [ 40 558]]
[[ 35  74]
 [ 39 559]]
[[ 35  74]
 [ 39 559]]
[[ 50  59]
 [ 57 541]]
[[ 26  83]
 [ 36 562]]
[[ 76  33]
 [ 91 507]]
[[ 38  71]
 [ 57 541]]
[[ 67  42]
 [ 97 501]]
[[ 90  19]
 [126 472]]
[[ 94  15]
 [144 454]]
[[101   8]
 [163 435]]
[[101   8]
 [163 435]]
[[102   7]
 [165 433]]
[[102   7]
 [168 430]]
[[101   8]
 [169 429]]
[[ 98  11]
 [166 432]]
[[ 98  11]
 [166 432]]
[[103   6]
 [172 426]]
[[104   5]
 [173 425]]
[[105   4]
 [182 416]]
[[106   3]
 [222 376]]
[[106   3]
 [222 376]]
[[107   2]
 [226 372]]
