[[ 50  45]
 [ 12 507]]
[[ 37  58]
 [  7 512]]
[[ 40  55]
 [ 10 509]]
[[ 33  62]
 [  4 515]]
[[ 29  66]
 [  3 516]]
[[ 29  66]
 [  3 516]]
[[ 37  58]
 [ 12 507]]
[[ 36  59]
 [ 13 506]]
[[ 26  69]
 [  4 515]]
[[ 25  70]
 [  4 515]]
[[ 52  43]
 [ 32 487]]
[[ 26  69]
 [  7 512]]
[[ 29  66]
 [ 10 509]]
[[ 32  63]
 [ 13 506]]
[[ 16  79]
 [  0 519]]
[[ 25  70]
 [ 10 509]]
[[ 24  71]
 [ 12 507]]
[[ 24  71]
 [ 13 506]]
[[ 16  79]
 [  6 513]]
[[ 22  73]
 [ 12 507]]
[[  3  92]
 [  2 517]]
[[  2  93]
 [  1 518]]
[[  1  94]
 [  1 518]]
[[  1  94]
 [  1 518]]
[[  5  90]
 [  9 510]]
