[[131  19]
 [ 39 111]]
[[131  19]
 [ 40 110]]
[[125  25]
 [ 38 112]]
[[133  17]
 [ 46 104]]
[[115  35]
 [ 29 121]]
[[123  27]
 [ 49 101]]
[[122  28]
 [ 51  99]]
[[111  39]
 [ 41 109]]
[[123  27]
 [ 54  96]]
[[119  31]
 [ 52  98]]
[[125  25]
 [ 61  89]]
[[120  30]
 [ 58  92]]
[[112  38]
 [ 53  97]]
[[ 92  58]
 [ 34 116]]
[[115  35]
 [ 58  92]]
[[123  27]
 [ 66  84]]
[[108  42]
 [ 53  97]]
[[112  38]
 [ 58  92]]
[[ 88  62]
 [ 35 115]]
[[117  33]
 [ 68  82]]
[[109  41]
 [ 62  88]]
[[ 84  66]
 [ 42 108]]
[[109  41]
 [ 71  79]]
[[ 66  84]
 [ 26 124]]
[[ 70  80]
 [ 39 111]]
