[[ 47  48]
 [  5 514]]
[[ 51  44]
 [ 11 508]]
[[ 51  44]
 [ 11 508]]
[[ 49  46]
 [  9 510]]
[[ 50  45]
 [ 10 509]]
[[ 41  54]
 [  1 518]]
[[ 51  44]
 [ 11 508]]
[[ 48  47]
 [ 10 509]]
[[ 41  54]
 [  5 514]]
[[ 47  48]
 [ 11 508]]
[[ 41  54]
 [  5 514]]
[[ 37  58]
 [  2 517]]
[[ 32  63]
 [  1 518]]
[[ 41  54]
 [ 12 507]]
[[ 41  54]
 [ 12 507]]
[[ 39  56]
 [ 12 507]]
[[ 55  40]
 [ 30 489]]
[[ 21  74]
 [  0 519]]
[[ 22  73]
 [  2 517]]
[[ 30  65]
 [ 10 509]]
[[ 35  60]
 [ 17 502]]
[[ 35  60]
 [ 17 502]]
[[ 21  74]
 [  4 515]]
[[ 19  76]
 [  4 515]]
[[  8  87]
 [  1 518]]
