[[234  66]
 [111 189]]
[[234  66]
 [111 189]]
[[227  73]
 [105 195]]
[[229  71]
 [107 193]]
[[229  71]
 [107 193]]
[[228  72]
 [116 184]]
[[167 133]
 [ 54 246]]
[[227  73]
 [117 183]]
[[232  68]
 [122 178]]
[[172 128]
 [ 62 238]]
[[231  69]
 [122 178]]
[[201  99]
 [ 94 206]]
[[231  69]
 [123 177]]
[[234  66]
 [128 172]]
[[156 144]
 [ 64 236]]
[[152 148]
 [ 60 240]]
[[153 147]
 [ 65 235]]
[[153 147]
 [ 65 235]]
[[153 147]
 [ 65 235]]
[[129 171]
 [ 52 248]]
[[125 175]
 [ 51 249]]
[[115 185]
 [ 47 253]]
[[106 194]
 [ 36 264]]
[[ 90 210]
 [ 28 272]]
[[ 57 243]
 [ 19 281]]
