0.7433628318584071
0.74235807860262
0.7400881057268722
0.7392996108949417
0.7335907335907336
0.728
0.7241379310344828
0.7239819004524887
0.7222222222222222
0.7214611872146118
0.7142857142857143
0.7131782945736435
0.7102803738317757
0.7094339622641509
0.7074235807860262
0.7069767441860465
0.7007299270072993
0.7
0.6986899563318777
0.6981818181818182
0.6940639269406392
0.6865671641791045
0.6859205776173285
0.6836363636363636
0.6829268292682927
0.6781115879828327
0.6755555555555556
0.6733668341708543
0.6732673267326733
0.671280276816609
0.6711864406779661
0.6576576576576577
0.6567164179104478
0.6388888888888888
0.6382978723404256
