[[109   0]
 [ 28 570]]
[[109   0]
 [ 28 570]]
[[109   0]
 [ 28 570]]
[[109   0]
 [ 28 570]]
[[109   0]
 [ 29 569]]
[[109   0]
 [ 29 569]]
[[109   0]
 [ 29 569]]
[[109   0]
 [ 30 568]]
[[109   0]
 [ 30 568]]
[[109   0]
 [ 31 567]]
[[109   0]
 [ 33 565]]
[[109   0]
 [ 33 565]]
[[109   0]
 [ 33 565]]
[[109   0]
 [ 36 562]]
[[109   0]
 [ 37 561]]
[[109   0]
 [ 37 561]]
[[109   0]
 [ 38 560]]
[[109   0]
 [ 44 554]]
[[109   0]
 [ 56 542]]
[[109   0]
 [ 62 536]]
[[109   0]
 [ 64 534]]
[[109   0]
 [ 73 525]]
[[109   0]
 [ 76 522]]
[[109   0]
 [ 77 521]]
[[109   0]
 [ 98 500]]
