[[131  19]
 [ 51  99]]
[[126  24]
 [ 47 103]]
[[119  31]
 [ 43 107]]
[[136  14]
 [ 60  90]]
[[118  32]
 [ 45 105]]
[[124  26]
 [ 51  99]]
[[119  31]
 [ 47 103]]
[[119  31]
 [ 47 103]]
[[116  34]
 [ 45 105]]
[[127  23]
 [ 56  94]]
[[106  44]
 [ 36 114]]
[[100  50]
 [ 30 120]]
[[111  39]
 [ 45 105]]
[[114  36]
 [ 48 102]]
[[135  15]
 [ 67  83]]
[[135  15]
 [ 67  83]]
[[ 98  52]
 [ 33 117]]
[[123  27]
 [ 59  91]]
[[137  13]
 [ 75  75]]
[[136  14]
 [ 79  71]]
[[136  14]
 [ 82  68]]
[[141   9]
 [ 92  58]]
[[144   6]
 [103  47]]
[[146   4]
 [113  37]]
[[144   6]
 [113  37]]
