[[100  50]
 [ 32 118]]
[[ 92  58]
 [ 30 120]]
[[115  35]
 [ 55  95]]
[[111  39]
 [ 52  98]]
[[ 89  61]
 [ 30 120]]
[[104  46]
 [ 47 103]]
[[ 85  65]
 [ 28 122]]
[[116  34]
 [ 60  90]]
[[110  40]
 [ 55  95]]
[[ 97  53]
 [ 43 107]]
[[ 83  67]
 [ 28 122]]
[[103  47]
 [ 50 100]]
[[100  50]
 [ 47 103]]
[[107  43]
 [ 54  96]]
[[ 85  65]
 [ 31 119]]
[[ 91  59]
 [ 38 112]]
[[ 88  62]
 [ 36 114]]
[[ 84  66]
 [ 32 118]]
[[ 92  58]
 [ 44 106]]
[[ 86  64]
 [ 38 112]]
[[98 52]
 [51 99]]
[[98 52]
 [51 99]]
[[105  45]
 [ 59  91]]
[[ 83  67]
 [ 37 113]]
[[ 83  67]
 [ 37 113]]
