[[146   4]
 [ 91  59]]
[[137  13]
 [ 86  64]]
[[134  16]
 [ 84  66]]
[[130  20]
 [ 83  67]]
[[141   9]
 [ 91  59]]
[[136  14]
 [ 88  62]]
[[136  14]
 [ 88  62]]
[[136  14]
 [ 88  62]]
[[140  10]
 [ 91  59]]
[[132  18]
 [ 87  63]]
[[133  17]
 [ 90  60]]
[[143   7]
 [101  49]]
[[141   9]
 [100  50]]
[[139  11]
 [ 99  51]]
[[140  10]
 [103  47]]
[[142   8]
 [106  44]]
[[146   4]
 [112  38]]
[[145   5]
 [112  38]]
[[144   6]
 [112  38]]
[[147   3]
 [116  34]]
[[144   6]
 [116  34]]
[[147   3]
 [123  27]]
[[146   4]
 [123  27]]
[[147   3]
 [126  24]]
[[147   3]
 [129  21]]
