[[98  2]
 [81 19]]
[[100   0]
 [ 83  17]]
[[100   0]
 [ 95   5]]
[[97  3]
 [82 18]]
[[100   0]
 [ 90  10]]
[[100   0]
 [ 85  15]]
[[100   0]
 [ 88  12]]
[[100   0]
 [ 94   6]]
[[99  1]
 [88 12]]
[[92  8]
 [71 29]]
[[100   0]
 [ 86  14]]
[[100   0]
 [ 94   6]]
[[99  1]
 [89 11]]
[[97  3]
 [79 21]]
[[100   0]
 [ 90  10]]
[[94  6]
 [70 30]]
[[100   0]
 [ 94   6]]
[[98  2]
 [79 21]]
[[100   0]
 [ 93   7]]
[[99  1]
 [89 11]]
[[96  4]
 [77 23]]
[[98  2]
 [88 12]]
[[97  3]
 [83 17]]
[[99  1]
 [93  7]]
[[100   0]
 [ 91   9]]
