[[135 102]
 [108 129]]
[[135 102]
 [108 129]]
[[135 102]
 [108 129]]
[[135 102]
 [108 129]]
[[154  83]
 [132 105]]
[[142  95]
 [123 114]]
[[142  95]
 [123 114]]
[[142  95]
 [123 114]]
[[142  95]
 [123 114]]
[[153  84]
 [133 104]]
[[131 106]
 [115 122]]
[[133 104]
 [118 119]]
[[130 107]
 [116 121]]
[[130 107]
 [116 121]]
[[130 107]
 [116 121]]
[[130 107]
 [116 121]]
[[110 127]
 [ 98 139]]
[[110 127]
 [ 98 139]]
[[ 98 139]
 [ 84 153]]
[[106 131]
 [ 95 142]]
[[136 101]
 [132 105]]
[[136 101]
 [132 105]]
[[ 63 174]
 [ 66 171]]
[[211  26]
 [203  34]]
[[217  20]
 [207  30]]
