[[100  50]
 [ 32 118]]
[[114  36]
 [ 47 103]]
[[109  41]
 [ 43 107]]
[[111  39]
 [ 45 105]]
[[115  35]
 [ 49 101]]
[[107  43]
 [ 44 106]]
[[107  43]
 [ 44 106]]
[[ 99  51]
 [ 36 114]]
[[122  28]
 [ 63  87]]
[[117  33]
 [ 59  91]]
[[108  42]
 [ 52  98]]
[[ 84  66]
 [ 27 123]]
[[102  48]
 [ 48 102]]
[[ 93  57]
 [ 39 111]]
[[107  43]
 [ 58  92]]
[[111  39]
 [ 62  88]]
[[ 87  63]
 [ 39 111]]
[[125  25]
 [ 75  75]]
[[107  43]
 [ 60  90]]
[[106  44]
 [ 60  90]]
[[117  33]
 [ 70  80]]
[[114  36]
 [ 71  79]]
[[121  29]
 [ 79  71]]
[[ 69  81]
 [ 34 116]]
[[ 60  90]
 [ 23 127]]
