[[ 48  47]
 [ 12 507]]
[[ 48  47]
 [ 12 507]]
[[ 49  46]
 [ 14 505]]
[[ 50  45]
 [ 17 502]]
[[ 50  45]
 [ 17 502]]
[[ 50  45]
 [ 17 502]]
[[ 50  45]
 [ 17 502]]
[[ 48  47]
 [ 16 503]]
[[ 49  46]
 [ 20 499]]
[[ 49  46]
 [ 23 496]]
[[ 48  47]
 [ 22 497]]
[[ 31  64]
 [ 25 494]]
[[ 27  68]
 [ 21 498]]
[[ 24  71]
 [ 19 500]]
[[ 33  62]
 [ 29 490]]
[[ 19  76]
 [ 19 500]]
[[ 24  71]
 [ 34 485]]
[[ 20  75]
 [ 33 486]]
[[ 57  38]
 [ 95 424]]
[[ 56  39]
 [102 417]]
[[ 62  33]
 [114 405]]
[[ 62  33]
 [114 405]]
[[ 57  38]
 [117 402]]
[[ 65  30]
 [145 374]]
[[ 73  22]
 [207 312]]
