0.7037483367226531
0.7037483367226531
0.7037483367226531
0.7037483367226531
0.7037483367226531
0.7037483367226531
0.7037483367226531
0.7037483367226531
0.7037483367226531
0.7037483367226531
0.7037483367226531
0.7037483367226531
0.7037483367226531
0.7037483367226531
0.7037483367226531
0.7037483367226531
0.7037483367226531
0.7037483367226531
0.7037483367226531
0.7037483367226531
0.7037483367226531
0.7037483367226531
0.7037483367226531
0.7037483367226531
0.7037483367226531
0.7037483367226531
0.7037483367226531
0.7037483367226531
0.7037483367226531
0.7037483367226531
0.7037483367226531
