[[ 58  37]
 [ 25 494]]
[[ 63  32]
 [ 31 488]]
[[ 61  34]
 [ 30 489]]
[[ 58  37]
 [ 28 491]]
[[ 55  40]
 [ 25 494]]
[[ 61  34]
 [ 32 487]]
[[ 41  54]
 [ 17 502]]
[[ 61  34]
 [ 37 482]]
[[ 47  48]
 [ 24 495]]
[[ 44  51]
 [ 22 497]]
[[ 59  36]
 [ 38 481]]
[[ 64  31]
 [ 44 475]]
[[ 49  46]
 [ 29 490]]
[[ 56  39]
 [ 38 481]]
[[ 58  37]
 [ 40 479]]
[[ 63  32]
 [ 45 474]]
[[ 54  41]
 [ 36 483]]
[[ 47  48]
 [ 32 487]]
[[ 63  32]
 [ 48 471]]
[[ 41  54]
 [ 26 493]]
[[ 64  31]
 [ 50 469]]
[[ 30  65]
 [ 18 501]]
[[ 36  59]
 [ 25 494]]
[[ 25  70]
 [ 18 501]]
[[ 50  45]
 [ 45 474]]
