[[148  52]
 [ 48 152]]
[[136  64]
 [ 36 164]]
[[136  64]
 [ 36 164]]
[[136  64]
 [ 36 164]]
[[136  64]
 [ 36 164]]
[[124  76]
 [ 32 168]]
[[130  70]
 [ 39 161]]
[[123  77]
 [ 35 165]]
[[123  77]
 [ 35 165]]
[[113  87]
 [ 34 166]]
[[114  86]
 [ 37 163]]
[[114  86]
 [ 37 163]]
[[102  98]
 [ 27 173]]
[[ 98 102]
 [ 24 176]]
[[100 100]
 [ 28 172]]
[[100 100]
 [ 29 171]]
[[ 86 114]
 [ 15 185]]
[[ 91 109]
 [ 24 176]]
[[ 88 112]
 [ 22 178]]
[[ 86 114]
 [ 23 177]]
[[ 80 120]
 [ 18 182]]
[[ 78 122]
 [ 24 176]]
[[ 66 134]
 [ 13 187]]
[[ 63 137]
 [ 13 187]]
[[ 41 159]
 [ 15 185]]
