[[ 82  13]
 [  4 515]]
[[ 85  10]
 [  9 510]]
[[ 82  13]
 [  7 512]]
[[ 84  11]
 [  9 510]]
[[ 84  11]
 [  9 510]]
[[ 81  14]
 [  7 512]]
[[ 80  15]
 [  6 513]]
[[ 79  16]
 [  5 514]]
[[ 85  10]
 [ 11 508]]
[[ 79  16]
 [  5 514]]
[[ 84  11]
 [ 11 508]]
[[ 81  14]
 [  9 510]]
[[ 78  17]
 [  6 513]]
[[ 81  14]
 [  9 510]]
[[ 77  18]
 [  6 513]]
[[ 82  13]
 [ 11 508]]
[[ 76  19]
 [  5 514]]
[[ 69  26]
 [  3 516]]
[[ 71  24]
 [  6 513]]
[[ 67  28]
 [  6 513]]
[[ 67  28]
 [  8 511]]
[[ 61  34]
 [  4 515]]
[[ 52  43]
 [  7 512]]
[[ 62  33]
 [ 19 500]]
[[ 45  50]
 [  4 515]]
