[[109   0]
 [ 31 567]]
[[109   0]
 [ 31 567]]
[[109   0]
 [ 31 567]]
[[109   0]
 [ 32 566]]
[[109   0]
 [ 33 565]]
[[109   0]
 [ 33 565]]
[[109   0]
 [ 33 565]]
[[109   0]
 [ 33 565]]
[[109   0]
 [ 33 565]]
[[109   0]
 [ 34 564]]
[[109   0]
 [ 35 563]]
[[109   0]
 [ 35 563]]
[[109   0]
 [ 36 562]]
[[109   0]
 [ 38 560]]
[[109   0]
 [ 38 560]]
[[109   0]
 [ 42 556]]
[[109   0]
 [ 43 555]]
[[109   0]
 [ 48 550]]
[[109   0]
 [ 53 545]]
[[109   0]
 [ 62 536]]
[[109   0]
 [ 67 531]]
[[109   0]
 [ 95 503]]
[[109   0]
 [ 95 503]]
[[109   0]
 [126 472]]
[[109   0]
 [157 441]]
