[[ 57  38]
 [ 22 497]]
[[ 57  38]
 [ 22 497]]
[[ 57  38]
 [ 22 497]]
[[ 57  38]
 [ 22 497]]
[[ 57  38]
 [ 22 497]]
[[ 59  36]
 [ 31 488]]
[[ 45  50]
 [ 21 498]]
[[ 45  50]
 [ 21 498]]
[[ 49  46]
 [ 26 493]]
[[ 49  46]
 [ 26 493]]
[[ 49  46]
 [ 26 493]]
[[ 45  50]
 [ 23 496]]
[[ 49  46]
 [ 27 492]]
[[ 46  49]
 [ 26 493]]
[[ 50  45]
 [ 31 488]]
[[ 50  45]
 [ 31 488]]
[[ 52  43]
 [ 35 484]]
[[ 47  48]
 [ 30 489]]
[[ 52  43]
 [ 35 484]]
[[ 19  76]
 [ 14 505]]
[[ 21  74]
 [ 16 503]]
[[ 21  74]
 [ 16 503]]
[[ 21  74]
 [ 16 503]]
[[ 10  85]
 [ 11 508]]
[[ 10  85]
 [ 17 502]]
