[[234  66]
 [111 189]]
[[234  66]
 [111 189]]
[[227  73]
 [105 195]]
[[229  71]
 [107 193]]
[[229  71]
 [107 193]]
[[229  71]
 [107 193]]
[[229  71]
 [107 193]]
[[229  71]
 [107 193]]
[[229  71]
 [107 193]]
[[229  71]
 [107 193]]
[[233  67]
 [113 187]]
[[233  67]
 [113 187]]
[[223  77]
 [107 193]]
[[226  74]
 [122 178]]
[[226  74]
 [122 178]]
[[164 136]
 [ 59 241]]
[[230  70]
 [127 173]]
[[230  70]
 [127 173]]
[[233  67]
 [135 165]]
[[151 149]
 [ 55 245]]
[[164 136]
 [ 77 223]]
[[164 136]
 [ 79 221]]
[[158 142]
 [ 73 227]]
[[140 160]
 [ 54 246]]
[[160 140]
 [ 80 220]]
