0.7286704853783539
0.7286704853783539
0.7286704853783539
0.7298919567827131
0.7298919567827131
0.7344622861294121
0.7349403615813558
0.7349403615813558
0.7349403615813558
0.7349403615813558
0.7349403615813558
0.7349403615813558
0.7349403615813558
0.7349403615813558
0.7349403615813558
0.7349403615813558
0.7399739973997399
0.7399739973997399
0.7399739973997399
0.7399739973997399
0.7399739973997399
0.7399739973997399
0.7399739973997399
0.7399739973997399
0.7399739973997399
0.7399739973997399
0.7399739973997399
