[[ 90  19]
 [ 25 573]]
[[ 74  35]
 [  9 589]]
[[ 74  35]
 [  9 589]]
[[ 82  27]
 [ 20 578]]
[[ 73  36]
 [ 15 583]]
[[ 80  29]
 [ 22 576]]
[[ 66  43]
 [ 12 586]]
[[ 57  52]
 [  4 594]]
[[ 58  51]
 [  6 592]]
[[ 71  38]
 [ 20 578]]
[[ 70  39]
 [ 22 576]]
[[ 60  49]
 [ 12 586]]
[[ 69  40]
 [ 24 574]]
[[ 52  57]
 [  7 591]]
[[ 53  56]
 [  8 590]]
[[ 48  61]
 [  4 594]]
[[ 47  62]
 [  6 592]]
[[ 44  65]
 [  4 594]]
[[ 42  67]
 [  4 594]]
[[ 42  67]
 [  4 594]]
[[ 39  70]
 [  3 595]]
[[ 41  68]
 [  7 591]]
[[ 41  68]
 [  7 591]]
[[ 41  68]
 [  8 590]]
[[ 22  87]
 [  2 596]]
