0.7685185185185185
0.7521367521367521
0.75
0.7433628318584071
0.7330316742081447
0.7256637168141593
0.7255813953488373
0.723404255319149
0.7219512195121951
0.7107438016528925
0.7058823529411765
0.7010309278350515
0.7009345794392523
0.6990291262135923
0.6976744186046512
0.6952380952380952
0.6834170854271356
0.6820276497695853
0.6804123711340206
0.6728971962616822
0.6699507389162561
0.6698113207547169
0.6690140845070423
0.6642857142857143
0.6633663366336634
0.6628571428571428
0.6593406593406593
0.6492146596858639
0.6372549019607843
0.6349206349206349
0.6043956043956044
0.5714285714285714
0.5595238095238095
0.5095541401273885
0.46153846153846156
