[[100  50]
 [ 32 118]]
[[114  36]
 [ 47 103]]
[[109  41]
 [ 43 107]]
[[111  39]
 [ 45 105]]
[[115  35]
 [ 49 101]]
[[ 92  58]
 [ 27 123]]
[[ 99  51]
 [ 36 114]]
[[ 96  54]
 [ 38 112]]
[[ 92  58]
 [ 34 116]]
[[106  44]
 [ 49 101]]
[[ 88  62]
 [ 30 120]]
[[ 80  70]
 [ 21 129]]
[[ 92  58]
 [ 35 115]]
[[ 94  56]
 [ 38 112]]
[[ 94  56]
 [ 38 112]]
[[109  41]
 [ 54  96]]
[[ 97  53]
 [ 44 106]]
[[107  43]
 [ 56  94]]
[[ 87  63]
 [ 36 114]]
[[ 95  55]
 [ 45 105]]
[[115  35]
 [ 65  85]]
[[117  33]
 [ 72  78]]
[[120  30]
 [ 76  74]]
[[116  34]
 [ 73  77]]
[[119  31]
 [ 76  74]]
