[[234  66]
 [111 189]]
[[227  73]
 [105 195]]
[[229  71]
 [107 193]]
[[229  71]
 [107 193]]
[[229  71]
 [107 193]]
[[229  71]
 [107 193]]
[[230  70]
 [109 191]]
[[230  70]
 [109 191]]
[[212  88]
 [ 92 208]]
[[226  74]
 [107 193]]
[[229  71]
 [111 189]]
[[229  71]
 [111 189]]
[[222  78]
 [107 193]]
[[188 112]
 [ 78 222]]
[[181 119]
 [ 73 227]]
[[164 136]
 [ 63 237]]
[[155 145]
 [ 56 244]]
[[193 107]
 [104 196]]
[[193 107]
 [105 195]]
[[196 104]
 [108 192]]
[[143 157]
 [ 50 250]]
[[144 156]
 [ 52 248]]
[[176 124]
 [ 96 204]]
[[112 188]
 [ 46 254]]
[[ 85 215]
 [ 34 266]]
