[[ 50  45]
 [ 40 479]]
[[ 48  47]
 [ 43 476]]
[[ 52  43]
 [ 49 470]]
[[ 51  44]
 [ 58 461]]
[[ 52  43]
 [ 63 456]]
[[ 49  46]
 [ 66 453]]
[[ 53  42]
 [ 72 447]]
[[ 52  43]
 [ 73 446]]
[[ 51  44]
 [ 74 445]]
[[ 55  40]
 [ 80 439]]
[[ 57  38]
 [ 83 436]]
[[ 54  41]
 [ 84 435]]
[[ 52  43]
 [ 85 434]]
[[ 54  41]
 [ 89 430]]
[[ 55  40]
 [ 91 428]]
[[ 59  36]
 [103 416]]
[[ 55  40]
 [ 99 420]]
[[ 51  44]
 [ 96 423]]
[[ 56  39]
 [104 415]]
[[ 56  39]
 [124 395]]
[[ 60  35]
 [160 359]]
[[ 70  25]
 [171 348]]
[[ 56  39]
 [164 355]]
[[ 69  26]
 [184 335]]
[[ 62  33]
 [181 338]]
