[[ 52  43]
 [  8 511]]
[[ 47  48]
 [  5 514]]
[[ 44  51]
 [  3 516]]
[[ 51  44]
 [ 11 508]]
[[ 51  44]
 [ 11 508]]
[[ 45  50]
 [  6 513]]
[[ 56  39]
 [ 20 499]]
[[ 54  41]
 [ 19 500]]
[[ 54  41]
 [ 19 500]]
[[ 43  52]
 [  9 510]]
[[ 48  47]
 [ 15 504]]
[[ 50  45]
 [ 19 500]]
[[ 31  64]
 [  1 518]]
[[ 27  68]
 [  0 519]]
[[ 33  62]
 [  6 513]]
[[ 57  38]
 [ 33 486]]
[[ 29  66]
 [  6 513]]
[[ 49  46]
 [ 26 493]]
[[ 49  46]
 [ 26 493]]
[[ 23  72]
 [  1 518]]
[[ 21  74]
 [  1 518]]
[[ 53  42]
 [ 35 484]]
[[ 55  40]
 [ 37 482]]
[[ 31  64]
 [ 20 499]]
[[ 14  81]
 [ 13 506]]
