[[148  52]
 [ 48 152]]
[[136  64]
 [ 36 164]]
[[147  53]
 [ 48 152]]
[[147  53]
 [ 48 152]]
[[154  46]
 [ 55 145]]
[[154  46]
 [ 55 145]]
[[154  46]
 [ 55 145]]
[[148  52]
 [ 52 148]]
[[152  48]
 [ 56 144]]
[[135  65]
 [ 39 161]]
[[135  65]
 [ 39 161]]
[[130  70]
 [ 37 163]]
[[143  57]
 [ 51 149]]
[[130  70]
 [ 39 161]]
[[125  75]
 [ 38 162]]
[[125  75]
 [ 38 162]]
[[137  63]
 [ 52 148]]
[[121  79]
 [ 35 165]]
[[116  84]
 [ 35 165]]
[[127  73]
 [ 50 150]]
[[ 96 104]
 [ 26 174]]
[[ 86 114]
 [ 21 179]]
[[ 85 115]
 [ 27 173]]
[[ 84 116]
 [ 26 174]]
[[ 71 129]
 [ 17 183]]
