[[167 133]
 [ 69 231]]
[[165 135]
 [ 69 231]]
[[168 132]
 [ 73 227]]
[[181 119]
 [ 94 206]]
[[181 119]
 [ 94 206]]
[[149 151]
 [ 62 238]]
[[149 151]
 [ 62 238]]
[[149 151]
 [ 62 238]]
[[159 141]
 [ 76 224]]
[[177 123]
 [ 97 203]]
[[153 147]
 [ 71 229]]
[[126 174]
 [ 40 260]]
[[132 168]
 [ 53 247]]
[[151 149]
 [ 79 221]]
[[141 159]
 [ 74 226]]
[[121 179]
 [ 54 246]]
[[116 184]
 [ 51 249]]
[[ 98 202]
 [ 31 269]]
[[ 98 202]
 [ 31 269]]
[[108 192]
 [ 47 253]]
[[129 171]
 [ 77 223]]
[[106 194]
 [ 48 252]]
[[109 191]
 [ 57 243]]
[[ 91 209]
 [ 34 266]]
[[ 70 230]
 [ 34 266]]
