0.7186212440960708
0.7186212440960708
0.7341959427267484
0.7341959427267484
0.7341959427267484
0.7341959427267484
0.7539604830408475
0.7539604830408475
0.7539604830408475
0.7539604830408475
0.7539604830408475
0.7539604830408475
0.7539604830408475
0.7549448625940837
0.7549448625940837
0.7549448625940837
0.7596153846153846
0.75997599759976
0.75997599759976
0.75997599759976
0.75997599759976
0.75997599759976
0.75997599759976
0.75997599759976
0.75997599759976
0.75997599759976
0.75997599759976
0.75997599759976
