[[ 35  24  36]
 [  3 360 156]
 [ 16 180 227]]
[[ 35  32  28]
 [ 14 420  85]
 [ 22 235 166]]
[[ 34  33  28]
 [  5 442  72]
 [ 19 260 144]]
[[ 33  31  31]
 [  6 434  79]
 [ 18 252 153]]
[[ 37  30  28]
 [  9 425  85]
 [ 24 242 157]]
[[ 32  34  29]
 [  5 427  87]
 [ 16 256 151]]
[[ 30  33  32]
 [  5 431  83]
 [ 17 257 149]]
[[ 29  31  35]
 [ 11 412  96]
 [ 21 236 166]]
[[  1  32  62]
 [  5 403 111]
 [ 11 214 198]]
[[ 36  33  26]
 [ 21 419  79]
 [ 31 250 142]]
[[ 36  30  29]
 [ 22 404  93]
 [ 26 241 156]]
[[ 31  32  32]
 [ 16 418  85]
 [ 42 235 146]]
[[  1  26  68]
 [ 12 348 159]
 [  7 173 243]]
[[  2  29  64]
 [ 16 360 143]
 [ 12 183 228]]
[[ 32  33  30]
 [ 13 424  82]
 [ 39 251 133]]
[[ 37  31  27]
 [ 24 411  84]
 [ 57 229 137]]
[[ 39  29  27]
 [ 16 405  98]
 [ 44 239 140]]
[[ 39  29  27]
 [ 16 405  98]
 [ 44 239 140]]
[[  3  29  63]
 [ 19 356 144]
 [ 30 171 222]]
[[ 42  30  23]
 [ 47 420  52]
 [111 216  96]]
[[ 41  47   7]
 [ 15 486  18]
 [ 58 346  19]]
[[ 40  30  25]
 [ 47 393  79]
 [ 85 227 111]]
[[ 36  44  15]
 [ 14 477  28]
 [ 49 347  27]]
[[ 45  44   6]
 [ 22 465  32]
 [ 67 329  27]]
[[ 40  32  23]
 [ 41 405  73]
 [ 94 247  82]]
