[[234  66]
 [111 189]]
[[227  73]
 [105 195]]
[[229  71]
 [107 193]]
[[229  71]
 [107 193]]
[[229  71]
 [107 193]]
[[233  67]
 [114 186]]
[[214  86]
 [ 99 201]]
[[216  84]
 [104 196]]
[[216  84]
 [104 196]]
[[217  83]
 [106 194]]
[[205  95]
 [ 98 202]]
[[224  76]
 [117 183]]
[[218  82]
 [117 183]]
[[218  82]
 [117 183]]
[[192 108]
 [ 96 204]]
[[188 112]
 [ 93 207]]
[[184 116]
 [ 90 210]]
[[172 128]
 [ 83 217]]
[[167 133]
 [ 79 221]]
[[133 167]
 [ 41 259]]
[[168 132]
 [ 87 213]]
[[126 174]
 [ 60 240]]
[[ 87 213]
 [ 39 261]]
[[ 69 231]
 [ 28 272]]
[[ 64 236]
 [ 26 274]]
