[[ 47  48]
 [ 22 497]]
[[ 46  49]
 [ 23 496]]
[[ 46  49]
 [ 23 496]]
[[ 46  49]
 [ 24 495]]
[[ 46  49]
 [ 24 495]]
[[ 47  48]
 [ 27 492]]
[[ 44  51]
 [ 24 495]]
[[ 47  48]
 [ 27 492]]
[[ 42  53]
 [ 23 496]]
[[ 46  49]
 [ 27 492]]
[[ 45  50]
 [ 27 492]]
[[ 46  49]
 [ 28 491]]
[[ 47  48]
 [ 30 489]]
[[ 41  54]
 [ 24 495]]
[[ 39  56]
 [ 23 496]]
[[ 46  49]
 [ 30 489]]
[[ 43  52]
 [ 27 492]]
[[ 44  51]
 [ 29 490]]
[[ 44  51]
 [ 29 490]]
[[ 41  54]
 [ 27 492]]
[[ 39  56]
 [ 26 493]]
[[ 41  54]
 [ 30 489]]
[[  7  88]
 [ 13 506]]
[[ 18  77]
 [ 27 492]]
[[ 13  82]
 [ 27 492]]
