[[ 45  50]
 [ 22 497]]
[[ 46  49]
 [ 24 495]]
[[ 42  53]
 [ 23 496]]
[[ 40  55]
 [ 23 496]]
[[ 40  55]
 [ 23 496]]
[[ 40  55]
 [ 23 496]]
[[ 37  58]
 [ 21 498]]
[[ 39  56]
 [ 23 496]]
[[ 38  57]
 [ 23 496]]
[[ 38  57]
 [ 23 496]]
[[ 38  57]
 [ 23 496]]
[[ 37  58]
 [ 24 495]]
[[ 34  61]
 [ 23 496]]
[[ 29  66]
 [ 22 497]]
[[ 21  74]
 [ 18 501]]
[[ 69  26]
 [ 67 452]]
[[ 76  19]
 [ 74 445]]
[[ 14  81]
 [ 18 501]]
[[ 74  21]
 [ 87 432]]
[[ 77  18]
 [ 92 427]]
[[ 77  18]
 [ 99 420]]
[[ 79  16]
 [104 415]]
[[ 79  16]
 [104 415]]
[[ 80  15]
 [118 401]]
[[ 74  21]
 [119 400]]
