[[216  21]
 [198  39]]
[[207  30]
 [196  41]]
[[217  20]
 [202  35]]
[[213  24]
 [201  36]]
[[211  26]
 [201  36]]
[[206  31]
 [199  38]]
[[210  27]
 [202  35]]
[[211  26]
 [205  32]]
[[214  23]
 [208  29]]
[[209  28]
 [207  30]]
[[215  22]
 [210  27]]
[[216  21]
 [211  26]]
[[213  24]
 [210  27]]
[[210  27]
 [212  25]]
[[207  30]
 [211  26]]
[[218  19]
 [215  22]]
[[205  32]
 [211  26]]
[[211  26]
 [214  23]]
[[215  22]
 [216  21]]
[[209  28]
 [214  23]]
[[214  23]
 [216  21]]
[[211  26]
 [216  21]]
[[207  30]
 [219  18]]
[[207  30]
 [219  18]]
[[203  34]
 [218  19]]
