[[203  97]
 [ 89 211]]
[[211  89]
 [100 200]]
[[197 103]
 [ 90 210]]
[[174 126]
 [ 68 232]]
[[197 103]
 [ 95 205]]
[[224  76]
 [122 178]]
[[187 113]
 [ 86 214]]
[[187 113]
 [ 86 214]]
[[184 116]
 [ 83 217]]
[[166 134]
 [ 63 237]]
[[221  79]
 [125 175]]
[[214  86]
 [120 180]]
[[164 136]
 [ 69 231]]
[[226  74]
 [133 167]]
[[163 137]
 [ 72 228]]
[[131 169]
 [ 46 254]]
[[126 174]
 [ 45 255]]
[[119 181]
 [ 45 255]]
[[ 74 226]
 [ 16 284]]
[[ 67 233]
 [ 11 289]]
[[ 46 254]
 [  8 292]]
[[ 30 270]
 [  5 295]]
[[ 12 288]
 [  0 300]]
[[ 10 290]
 [  3 297]]
[[  5 295]
 [  1 299]]
