[[146   4]
 [ 91  59]]
[[142   8]
 [ 95  55]]
[[138  12]
 [ 97  53]]
[[144   6]
 [104  46]]
[[147   3]
 [106  44]]
[[138  12]
 [101  49]]
[[147   3]
 [107  43]]
[[143   7]
 [105  45]]
[[146   4]
 [109  41]]
[[146   4]
 [109  41]]
[[137  13]
 [105  45]]
[[148   2]
 [114  36]]
[[144   6]
 [114  36]]
[[146   4]
 [116  34]]
[[146   4]
 [121  29]]
[[146   4]
 [123  27]]
[[146   4]
 [123  27]]
[[148   2]
 [127  23]]
[[149   1]
 [131  19]]
[[147   3]
 [134  16]]
[[148   2]
 [137  13]]
[[149   1]
 [140  10]]
[[149   1]
 [140  10]]
[[149   1]
 [142   8]]
[[149   1]
 [142   8]]
