[[ 48  47]
 [ 22 497]]
[[ 44  51]
 [ 20 499]]
[[ 47  48]
 [ 23 496]]
[[ 50  45]
 [ 27 492]]
[[ 45  50]
 [ 22 497]]
[[ 48  47]
 [ 25 494]]
[[ 42  53]
 [ 20 499]]
[[ 46  49]
 [ 24 495]]
[[ 40  55]
 [ 19 500]]
[[ 47  48]
 [ 27 492]]
[[ 39  56]
 [ 19 500]]
[[ 46  49]
 [ 26 493]]
[[ 40  55]
 [ 20 499]]
[[ 47  48]
 [ 28 491]]
[[ 47  48]
 [ 28 491]]
[[ 46  49]
 [ 28 491]]
[[ 35  60]
 [ 18 501]]
[[ 46  49]
 [ 29 490]]
[[ 45  50]
 [ 28 491]]
[[ 36  59]
 [ 20 499]]
[[ 36  59]
 [ 20 499]]
[[ 37  58]
 [ 24 495]]
[[ 32  63]
 [ 19 500]]
[[ 41  54]
 [ 31 488]]
[[ 25  70]
 [ 16 503]]
