[[ 48  47]
 [ 12 507]]
[[ 48  47]
 [ 12 507]]
[[ 49  46]
 [ 14 505]]
[[ 48  47]
 [ 14 505]]
[[ 50  45]
 [ 17 502]]
[[ 48  47]
 [ 18 501]]
[[ 41  54]
 [ 12 507]]
[[ 47  48]
 [ 23 496]]
[[ 46  49]
 [ 22 497]]
[[ 43  52]
 [ 20 499]]
[[ 45  50]
 [ 23 496]]
[[ 45  50]
 [ 23 496]]
[[ 48  47]
 [ 29 490]]
[[ 21  74]
 [ 18 501]]
[[ 14  81]
 [ 13 506]]
[[ 16  79]
 [ 17 502]]
[[ 15  80]
 [ 21 498]]
[[ 57  38]
 [ 66 453]]
[[ 12  83]
 [ 21 498]]
[[ 10  85]
 [ 20 499]]
[[ 15  80]
 [ 25 494]]
[[ 19  76]
 [ 30 489]]
[[ 59  36]
 [ 87 432]]
[[ 65  30]
 [178 341]]
[[ 72  23]
 [219 300]]
