[[232  68]
 [112 188]]
[[222  78]
 [104 196]]
[[223  77]
 [105 195]]
[[223  77]
 [106 194]]
[[200 100]
 [ 84 216]]
[[216  84]
 [100 200]]
[[217  83]
 [101 199]]
[[220  80]
 [104 196]]
[[224  76]
 [108 192]]
[[211  89]
 [ 96 204]]
[[200 100]
 [ 89 211]]
[[171 129]
 [ 58 242]]
[[164 136]
 [ 51 249]]
[[160 140]
 [ 54 246]]
[[241  59]
 [137 163]]
[[156 144]
 [ 52 248]]
[[156 144]
 [ 52 248]]
[[154 146]
 [ 51 249]]
[[153 147]
 [ 52 248]]
[[213  87]
 [117 183]]
[[251  49]
 [150 150]]
[[154 146]
 [ 54 246]]
[[215  85]
 [120 180]]
[[154 146]
 [ 55 245]]
[[237  63]
 [141 159]]
