[[185 115]
 [ 75 225]]
[[166 134]
 [ 58 242]]
[[173 127]
 [ 68 232]]
[[158 142]
 [ 51 249]]
[[157 143]
 [ 52 248]]
[[156 144]
 [ 51 249]]
[[156 144]
 [ 51 249]]
[[156 144]
 [ 51 249]]
[[151 149]
 [ 45 255]]
[[167 133]
 [ 69 231]]
[[145 155]
 [ 45 255]]
[[143 157]
 [ 46 254]]
[[138 162]
 [ 45 255]]
[[166 134]
 [ 83 217]]
[[144 156]
 [ 60 240]]
[[172 128]
 [ 93 207]]
[[127 173]
 [ 38 262]]
[[152 148]
 [ 73 227]]
[[152 148]
 [ 73 227]]
[[162 138]
 [ 85 215]]
[[133 167]
 [ 50 250]]
[[121 179]
 [ 42 258]]
[[108 192]
 [ 36 264]]
[[108 192]
 [ 36 264]]
[[ 91 209]
 [ 29 271]]
