[[ 54  55]
 [ 40 558]]
[[ 48  61]
 [ 35 563]]
[[ 49  60]
 [ 38 560]]
[[ 47  62]
 [ 36 562]]
[[105   4]
 [125 473]]
[[ 57  52]
 [100 498]]
[[ 92  17]
 [147 451]]
[[ 92  17]
 [148 450]]
[[ 92  17]
 [148 450]]
[[ 92  17]
 [148 450]]
[[ 46  63]
 [107 491]]
[[ 59  50]
 [123 475]]
[[ 68  41]
 [138 460]]
[[ 64  45]
 [136 462]]
[[ 95  14]
 [168 430]]
[[ 55  54]
 [128 470]]
[[ 50  59]
 [124 474]]
[[ 97  12]
 [184 414]]
[[ 97  12]
 [184 414]]
[[101   8]
 [192 406]]
[[103   6]
 [198 400]]
[[ 66  43]
 [163 435]]
[[103   6]
 [202 396]]
[[ 70  39]
 [172 426]]
[[ 73  36]
 [192 406]]
