[[113  37]
 [ 51  99]]
[[114  36]
 [ 54  96]]
[[102  48]
 [ 43 107]]
[[ 95  55]
 [ 37 113]]
[[113  37]
 [ 56  94]]
[[108  42]
 [ 53  97]]
[[101  49]
 [ 47 103]]
[[109  41]
 [ 55  95]]
[[ 92  58]
 [ 38 112]]
[[119  31]
 [ 65  85]]
[[119  31]
 [ 66  84]]
[[ 95  55]
 [ 44 106]]
[[110  40]
 [ 59  91]]
[[124  26]
 [ 72  78]]
[[124  26]
 [ 72  78]]
[[124  26]
 [ 72  78]]
[[111  39]
 [ 61  89]]
[[ 80  70]
 [ 29 121]]
[[126  24]
 [ 75  75]]
[[126  24]
 [ 75  75]]
[[125  25]
 [ 75  75]]
[[121  29]
 [ 72  78]]
[[113  37]
 [ 66  84]]
[[100  50]
 [ 54  96]]
[[ 72  78]
 [ 25 125]]
