[[109   0]
 [ 31 567]]
[[109   0]
 [ 31 567]]
[[109   0]
 [ 31 567]]
[[109   0]
 [ 31 567]]
[[109   0]
 [ 31 567]]
[[109   0]
 [ 32 566]]
[[109   0]
 [ 32 566]]
[[109   0]
 [ 33 565]]
[[109   0]
 [ 33 565]]
[[109   0]
 [ 33 565]]
[[109   0]
 [ 35 563]]
[[109   0]
 [ 35 563]]
[[109   0]
 [ 36 562]]
[[109   0]
 [ 37 561]]
[[109   0]
 [ 37 561]]
[[109   0]
 [ 39 559]]
[[109   0]
 [ 39 559]]
[[109   0]
 [ 47 551]]
[[109   0]
 [ 48 550]]
[[109   0]
 [ 48 550]]
[[109   0]
 [ 49 549]]
[[109   0]
 [ 50 548]]
[[109   0]
 [ 52 546]]
[[109   0]
 [ 56 542]]
[[109   0]
 [ 95 503]]
