[[ 48  47]
 [ 12 507]]
[[ 48  47]
 [ 12 507]]
[[ 49  46]
 [ 14 505]]
[[ 50  45]
 [ 17 502]]
[[ 50  45]
 [ 17 502]]
[[ 48  47]
 [ 22 497]]
[[ 49  46]
 [ 24 495]]
[[ 50  45]
 [ 25 494]]
[[ 47  48]
 [ 25 494]]
[[ 50  45]
 [ 30 489]]
[[ 49  46]
 [ 33 486]]
[[ 51  44]
 [ 38 481]]
[[ 25  70]
 [ 23 496]]
[[ 14  81]
 [ 18 501]]
[[ 57  38]
 [ 77 442]]
[[ 59  36]
 [ 98 421]]
[[ 59  36]
 [104 415]]
[[ 59  36]
 [104 415]]
[[ 57  38]
 [106 413]]
[[ 55  40]
 [127 392]]
[[ 59  36]
 [139 380]]
[[ 62  33]
 [149 370]]
[[ 60  35]
 [151 368]]
[[ 73  22]
 [206 313]]
[[ 82  13]
 [225 294]]
