[[105   4]
 [ 17 581]]
[[105   4]
 [ 17 581]]
[[105   4]
 [ 17 581]]
[[ 95  14]
 [  8 590]]
[[105   4]
 [ 19 579]]
[[105   4]
 [ 19 579]]
[[105   4]
 [ 21 577]]
[[105   4]
 [ 21 577]]
[[105   4]
 [ 21 577]]
[[105   4]
 [ 23 575]]
[[101   8]
 [ 19 579]]
[[106   3]
 [ 24 574]]
[[ 69  40]
 [  9 589]]
[[ 54  55]
 [  8 590]]
[[ 52  57]
 [ 12 586]]
[[ 46  63]
 [ 13 585]]
[[ 41  68]
 [  8 590]]
[[ 53  56]
 [ 26 572]]
[[ 44  65]
 [ 19 579]]
[[ 32  77]
 [  7 591]]
[[ 30  79]
 [  5 593]]
[[ 61  48]
 [ 37 561]]
[[ 61  48]
 [ 37 561]]
[[ 70  39]
 [ 61 537]]
[[ 76  33]
 [ 69 529]]
