0.7089522280208751
0.7099709970997099
0.7099709970997099
0.7099709970997099
0.7099709970997099
0.7248280175109443
0.7248280175109443
0.7248280175109443
0.7248280175109443
0.7248280175109443
0.7248280175109443
0.7248280175109443
0.724938111074992
0.724938111074992
0.724938111074992
0.724938111074992
0.724938111074992
0.724938111074992
0.7290244881573664
0.7290244881573664
0.7290244881573664
0.7290244881573664
0.7290244881573664
0.7290244881573664
0.7341959427267484
0.7341959427267484
0.7341959427267484
0.7341959427267484
0.7341959427267484
0.7341959427267484
0.7341959427267484
0.7346749768466372
0.7346749768466372
0.7346749768466372
0.7346749768466372
0.7395833333333333
0.7395833333333333
0.7395833333333333
0.7395833333333333
0.7395833333333333
0.7395833333333333
0.7395833333333333
0.7395833333333333
0.7395833333333333
0.7395833333333333
0.7395833333333333
