[[109   0]
 [ 77 521]]
[[109   0]
 [ 98 500]]
[[109   0]
 [102 496]]
[[109   0]
 [107 491]]
[[109   0]
 [117 481]]
[[109   0]
 [122 476]]
[[109   0]
 [144 454]]
[[109   0]
 [144 454]]
[[109   0]
 [154 444]]
[[109   0]
 [163 435]]
[[109   0]
 [169 429]]
[[109   0]
 [177 421]]
[[109   0]
 [193 405]]
[[109   0]
 [196 402]]
[[109   0]
 [201 397]]
[[106   3]
 [218 380]]
[[109   0]
 [251 347]]
[[109   0]
 [257 341]]
[[109   0]
 [278 320]]
[[109   0]
 [286 312]]
[[109   0]
 [302 296]]
[[109   0]
 [334 264]]
[[108   1]
 [336 262]]
[[109   0]
 [347 251]]
[[109   0]
 [359 239]]
