[[ 47  48]
 [ 19 500]]
[[ 48  47]
 [ 21 498]]
[[ 47  48]
 [ 20 499]]
[[ 48  47]
 [ 23 496]]
[[ 47  48]
 [ 22 497]]
[[ 46  49]
 [ 23 496]]
[[ 50  45]
 [ 30 489]]
[[ 49  46]
 [ 31 488]]
[[ 48  47]
 [ 31 488]]
[[ 50  45]
 [ 42 477]]
[[ 17  78]
 [ 16 503]]
[[ 15  80]
 [ 16 503]]
[[ 22  73]
 [ 23 496]]
[[ 12  83]
 [ 14 505]]
[[ 20  75]
 [ 22 497]]
[[ 13  82]
 [ 18 501]]
[[ 12  83]
 [ 19 500]]
[[ 11  84]
 [ 21 498]]
[[ 11  84]
 [ 21 498]]
[[ 17  78]
 [ 31 488]]
[[ 58  37]
 [ 94 425]]
[[ 71  24]
 [213 306]]
[[ 71  24]
 [217 302]]
[[ 79  16]
 [234 285]]
[[ 76  19]
 [285 234]]
