[[ 48  47]
 [ 12 507]]
[[ 48  47]
 [ 12 507]]
[[ 49  46]
 [ 14 505]]
[[ 48  47]
 [ 14 505]]
[[ 50  45]
 [ 17 502]]
[[ 50  45]
 [ 17 502]]
[[ 46  49]
 [ 15 504]]
[[ 49  46]
 [ 22 497]]
[[ 47  48]
 [ 21 498]]
[[ 46  49]
 [ 21 498]]
[[ 44  51]
 [ 20 499]]
[[ 48  47]
 [ 24 495]]
[[ 49  46]
 [ 26 493]]
[[ 45  50]
 [ 24 495]]
[[ 20  75]
 [  9 510]]
[[ 18  77]
 [ 14 505]]
[[ 23  72]
 [ 21 498]]
[[ 23  72]
 [ 24 495]]
[[ 20  75]
 [ 24 495]]
[[ 16  79]
 [ 24 495]]
[[  2  93]
 [ 10 509]]
[[  4  91]
 [ 16 503]]
[[ 65  30]
 [130 389]]
[[ 64  31]
 [136 383]]
[[ 66  29]
 [153 366]]
