[[131  19]
 [ 39 111]]
[[131  19]
 [ 40 110]]
[[133  17]
 [ 46 104]]
[[115  35]
 [ 29 121]]
[[124  26]
 [ 41 109]]
[[113  37]
 [ 40 110]]
[[130  20]
 [ 68  82]]
[[139  11]
 [ 77  73]]
[[121  29]
 [ 63  87]]
[[147   3]
 [ 84  66]]
[[137  13]
 [ 78  72]]
[[141   9]
 [ 81  69]]
[[131  19]
 [ 75  75]]
[[140  10]
 [ 82  68]]
[[128  22]
 [ 74  76]]
[[138  12]
 [ 83  67]]
[[124  26]
 [ 74  76]]
[[105  45]
 [ 60  90]]
[[139  11]
 [ 88  62]]
[[145   5]
 [ 96  54]]
[[143   7]
 [ 95  55]]
[[143   7]
 [ 99  51]]
[[150   0]
 [105  45]]
[[136  14]
 [ 97  53]]
[[147   3]
 [123  27]]
