[[234  66]
 [111 189]]
[[227  73]
 [105 195]]
[[229  71]
 [107 193]]
[[229  71]
 [107 193]]
[[229  71]
 [107 193]]
[[230  70]
 [109 191]]
[[227  73]
 [107 193]]
[[229  71]
 [109 191]]
[[233  67]
 [114 186]]
[[221  79]
 [104 196]]
[[224  76]
 [118 182]]
[[170 130]
 [ 77 223]]
[[180 120]
 [ 90 210]]
[[182 118]
 [ 95 205]]
[[182 118]
 [ 95 205]]
[[176 124]
 [ 91 209]]
[[169 131]
 [ 89 211]]
[[100 200]
 [ 26 274]]
[[ 77 223]
 [ 22 278]]
[[ 78 222]
 [ 30 270]]
[[ 68 232]
 [ 27 273]]
[[ 69 231]
 [ 30 270]]
[[ 60 240]
 [ 18 282]]
[[ 44 256]
 [ 11 289]]
[[ 45 255]
 [ 19 281]]
