[[ 89  61]
 [ 30 120]]
[[104  46]
 [ 47 103]]
[[ 97  53]
 [ 43 107]]
[[ 83  67]
 [ 28 122]]
[[107  43]
 [ 54  96]]
[[119  31]
 [ 65  85]]
[[ 95  55]
 [ 43 107]]
[[ 99  51]
 [ 48 102]]
[[102  48]
 [ 52  98]]
[[ 81  69]
 [ 31 119]]
[[104  46]
 [ 56  94]]
[[105  45]
 [ 58  92]]
[[ 78  72]
 [ 30 120]]
[[115  35]
 [ 69  81]]
[[113  37]
 [ 68  82]]
[[ 73  77]
 [ 28 122]]
[[126  24]
 [ 81  69]]
[[110  40]
 [ 68  82]]
[[119  31]
 [ 76  74]]
[[ 77  73]
 [ 35 115]]
[[ 69  81]
 [ 26 124]]
[[ 70  80]
 [ 28 122]]
[[106  44]
 [ 70  80]]
[[ 71  79]
 [ 34 116]]
[[105  45]
 [ 72  78]]
