0.8613861386138614
0.8613861386138614
0.8910891089108911
0.8910891089108911
0.900990099009901
0.9052333804809052
0.9052333804809052
0.9052333804809052
0.9193776520509194
0.9193776520509194
0.9193776520509194
0.9193776520509194
0.9193776520509194
0.9264497878359265
0.9264497878359265
0.9476661951909476
0.9476661951909476
0.9476661951909476
0.9476661951909476
0.9561527581329562
0.9561527581329562
0.9561527581329562
0.9561527581329562
0.9603960396039604
0.9603960396039604
0.9603960396039604
0.9603960396039604
0.9603960396039604
0.9603960396039604
0.9603960396039604
0.9603960396039604
0.9603960396039604
0.9603960396039604
0.9603960396039604
