0.22379461710653764
0.2228667905404554
0.21028753998265848
0.21458156525876576
0.21857913737922496
0.22100943368260242
0.21796373742755976
0.20883473664057162
0.21752628310768823
0.22006415079896002
0.2301593248028517
0.2216259961431032
0.23624538438350468
0.21511575415533646
0.22948661057920422
0.23655169578573126
0.2221544519333309
0.22512202256758138
0.2256375124127103
0.2294953271807352
0.22802753819985222
0.22073595179067335
0.21146080656165145
0.21083311640396313
0.22054261023401167
0.22350575804759626
