[[148  52]
 [ 48 152]]
[[136  64]
 [ 36 164]]
[[136  64]
 [ 36 164]]
[[147  53]
 [ 48 152]]
[[147  53]
 [ 48 152]]
[[147  53]
 [ 48 152]]
[[152  48]
 [ 56 144]]
[[152  48]
 [ 56 144]]
[[140  60]
 [ 46 154]]
[[160  40]
 [ 71 129]]
[[160  40]
 [ 71 129]]
[[120  80]
 [ 35 165]]
[[120  80]
 [ 35 165]]
[[112  88]
 [ 31 169]]
[[121  79]
 [ 43 157]]
[[113  87]
 [ 34 166]]
[[113  87]
 [ 34 166]]
[[126  74]
 [ 51 149]]
[[126  74]
 [ 51 149]]
[[126  74]
 [ 51 149]]
[[100 100]
 [ 35 165]]
[[ 92 108]
 [ 35 165]]
[[ 74 126]
 [ 20 180]]
[[ 74 126]
 [ 20 180]]
[[ 73 127]
 [ 37 163]]
