[[146   4]
 [ 91  59]]
[[137  13]
 [ 86  64]]
[[136  14]
 [ 88  62]]
[[140  10]
 [ 91  59]]
[[137  13]
 [ 90  60]]
[[140  10]
 [ 96  54]]
[[144   6]
 [ 99  51]]
[[145   5]
 [103  47]]
[[143   7]
 [104  46]]
[[147   3]
 [108  42]]
[[147   3]
 [108  42]]
[[146   4]
 [108  42]]
[[140  10]
 [106  44]]
[[140  10]
 [106  44]]
[[146   4]
 [110  40]]
[[147   3]
 [111  39]]
[[147   3]
 [113  37]]
[[144   6]
 [115  35]]
[[148   2]
 [120  30]]
[[149   1]
 [121  29]]
[[144   6]
 [120  30]]
[[144   6]
 [120  30]]
[[145   5]
 [124  26]]
[[148   2]
 [128  22]]
[[147   3]
 [136  14]]
