0.7033312382149592
0.7149928748218706
0.72
0.72
0.72
0.72
0.72
0.72
0.72
0.72
0.72
0.72
0.72
0.72
0.7297567811029927
0.7297567811029927
0.7297567811029927
0.7297567811029927
0.7297567811029927
0.7297567811029927
0.7297567811029927
0.7297567811029927
0.7297567811029927
0.7297567811029927
0.7297567811029927
0.7297567811029927
0.7297567811029927
0.7297567811029927
0.7297567811029927
0.7297567811029927
0.7297567811029927
0.7297567811029927
0.7297567811029927
0.7297567811029927
0.7297567811029927
0.7297567811029927
0.7297567811029927
0.7297567811029927
0.7297567811029927
0.7297567811029927
0.7297567811029927
0.7297567811029927
0.7297567811029927
0.7297567811029927
0.7297567811029927
