[[ 52  43]
 [  8 511]]
[[ 47  48]
 [  5 514]]
[[ 44  51]
 [  3 516]]
[[ 51  44]
 [ 11 508]]
[[ 51  44]
 [ 11 508]]
[[ 42  53]
 [  3 516]]
[[ 50  45]
 [ 12 507]]
[[ 39  56]
 [  2 517]]
[[ 51  44]
 [ 15 504]]
[[ 37  58]
 [  2 517]]
[[ 46  49]
 [ 12 507]]
[[ 48  47]
 [ 14 505]]
[[ 38  57]
 [  5 514]]
[[ 49  46]
 [ 17 502]]
[[ 33  62]
 [  2 517]]
[[ 49  46]
 [ 19 500]]
[[ 47  48]
 [ 19 500]]
[[ 32  63]
 [  4 515]]
[[ 48  47]
 [ 20 499]]
[[ 48  47]
 [ 20 499]]
[[ 43  52]
 [ 16 503]]
[[ 38  57]
 [ 14 505]]
[[ 33  62]
 [ 13 506]]
[[ 21  74]
 [  1 518]]
[[ 24  71]
 [ 12 507]]
