0.7144217039504998
0.7144217039504998
0.7144217039504998
0.7144217039504998
0.7144217039504998
0.7144217039504998
0.7144217039504998
0.7144217039504998
0.7144217039504998
0.7144217039504998
0.7144217039504998
0.7144217039504998
0.7144217039504998
0.7144217039504998
0.7144217039504998
0.7144217039504998
0.7144217039504998
0.7144217039504998
0.7144217039504998
0.7144217039504998
0.7144217039504998
0.7144217039504998
0.7144217039504998
0.7144217039504998
0.7144217039504998
0.7144217039504998
0.7144217039504998
0.7144217039504998
0.7144217039504998
0.7144217039504998
0.7144217039504998
