[[ 57  38]
 [ 22 497]]
[[ 57  38]
 [ 22 497]]
[[ 57  38]
 [ 22 497]]
[[ 57  38]
 [ 22 497]]
[[ 57  38]
 [ 22 497]]
[[ 57  38]
 [ 22 497]]
[[ 57  38]
 [ 22 497]]
[[ 45  50]
 [ 17 502]]
[[ 56  39]
 [ 29 490]]
[[ 45  50]
 [ 19 500]]
[[ 53  42]
 [ 31 488]]
[[ 46  49]
 [ 24 495]]
[[ 41  54]
 [ 19 500]]
[[ 35  60]
 [ 17 502]]
[[ 46  49]
 [ 30 489]]
[[ 34  61]
 [ 19 500]]
[[ 30  65]
 [ 16 503]]
[[ 30  65]
 [ 16 503]]
[[ 25  70]
 [ 13 506]]
[[ 35  60]
 [ 23 496]]
[[ 29  66]
 [ 19 500]]
[[ 12  83]
 [ 10 509]]
[[ 13  82]
 [ 11 508]]
[[ 14  81]
 [ 13 506]]
[[ 10  85]
 [ 16 503]]
