[[216  21]
 [198  39]]
[[207  30]
 [196  41]]
[[213  24]
 [201  36]]
[[206  31]
 [199  38]]
[[210  27]
 [202  35]]
[[211  26]
 [206  31]]
[[211  26]
 [206  31]]
[[218  19]
 [209  28]]
[[212  25]
 [207  30]]
[[217  20]
 [209  28]]
[[216  21]
 [210  27]]
[[218  19]
 [212  25]]
[[207  30]
 [209  28]]
[[212  25]
 [211  26]]
[[210  27]
 [213  24]]
[[198  39]
 [209  28]]
[[211  26]
 [214  23]]
[[211  26]
 [214  23]]
[[215  22]
 [216  21]]
[[209  28]
 [214  23]]
[[216  21]
 [218  19]]
[[222  15]
 [220  17]]
[[198  39]
 [213  24]]
[[206  31]
 [216  21]]
[[212  25]
 [220  17]]
