[[108  42]
 [ 45 105]]
[[110  40]
 [ 51  99]]
[[107  43]
 [ 49 101]]
[[100  50]
 [ 42 108]]
[[102  48]
 [ 45 105]]
[[105  45]
 [ 48 102]]
[[105  45]
 [ 48 102]]
[[105  45]
 [ 48 102]]
[[105  45]
 [ 48 102]]
[[107  43]
 [ 52  98]]
[[115  35]
 [ 60  90]]
[[111  39]
 [ 59  91]]
[[112  38]
 [ 60  90]]
[[116  34]
 [ 64  86]]
[[109  41]
 [ 58  92]]
[[114  36]
 [ 64  86]]
[[111  39]
 [ 63  87]]
[[ 86  64]
 [ 38 112]]
[[ 86  64]
 [ 38 112]]
[[117  33]
 [ 69  81]]
[[108  42]
 [ 64  86]]
[[115  35]
 [ 72  78]]
[[121  29]
 [ 77  73]]
[[110  40]
 [ 69  81]]
[[119  31]
 [ 77  73]]
