[[ 15  25]
 [ 13 147]]
[[ 15  25]
 [ 13 147]]
[[ 15  25]
 [ 13 147]]
[[ 16  24]
 [ 16 144]]
[[ 12  28]
 [  7 153]]
[[ 13  27]
 [ 10 150]]
[[ 18  22]
 [ 24 136]]
[[ 13  27]
 [ 11 149]]
[[ 14  26]
 [ 17 143]]
[[ 15  25]
 [ 20 140]]
[[ 13  27]
 [ 15 145]]
[[ 12  28]
 [ 14 146]]
[[ 15  25]
 [ 23 137]]
[[ 16  24]
 [ 28 132]]
[[ 17  23]
 [ 31 129]]
[[  9  31]
 [  7 153]]
[[  9  31]
 [  7 153]]
[[ 11  29]
 [ 14 146]]
[[  9  31]
 [ 10 150]]
[[  8  32]
 [  7 153]]
[[  9  31]
 [ 11 149]]
[[  7  33]
 [  5 155]]
[[  6  34]
 [  3 157]]
[[  6  34]
 [  8 152]]
[[  4  36]
 [  2 158]]
