[[148  52]
 [ 48 152]]
[[136  64]
 [ 36 164]]
[[136  64]
 [ 36 164]]
[[136  64]
 [ 36 164]]
[[136  64]
 [ 36 164]]
[[129  71]
 [ 32 168]]
[[133  67]
 [ 43 157]]
[[121  79]
 [ 32 168]]
[[120  80]
 [ 31 169]]
[[100 100]
 [ 19 181]]
[[134  66]
 [ 60 140]]
[[ 90 110]
 [ 15 185]]
[[106  94]
 [ 40 160]]
[[ 90 110]
 [ 23 177]]
[[ 88 112]
 [ 22 178]]
[[ 87 113]
 [ 21 179]]
[[ 95 105]
 [ 33 167]]
[[ 85 115]
 [ 24 176]]
[[ 85 115]
 [ 24 176]]
[[ 90 110]
 [ 31 169]]
[[ 80 120]
 [ 21 179]]
[[ 69 131]
 [ 19 181]]
[[ 65 135]
 [ 15 185]]
[[ 63 137]
 [ 21 179]]
[[ 49 151]
 [ 10 190]]
