[[130  20]
 [ 56  94]]
[[130  20]
 [ 56  94]]
[[139  11]
 [ 68  82]]
[[139  11]
 [ 68  82]]
[[126  24]
 [ 57  93]]
[[126  24]
 [ 61  89]]
[[132  18]
 [ 68  82]]
[[142   8]
 [ 76  74]]
[[145   5]
 [ 80  70]]
[[143   7]
 [ 79  71]]
[[134  16]
 [ 73  77]]
[[139  11]
 [ 77  73]]
[[139  11]
 [ 77  73]]
[[139  11]
 [ 80  70]]
[[119  31]
 [ 64  86]]
[[141   9]
 [ 85  65]]
[[139  11]
 [ 87  63]]
[[143   7]
 [ 91  59]]
[[135  15]
 [ 86  64]]
[[143   7]
 [ 94  56]]
[[135  15]
 [ 91  59]]
[[141   9]
 [ 95  55]]
[[139  11]
 [ 94  56]]
[[140  10]
 [ 99  51]]
[[141   9]
 [103  47]]
