[[101  49]
 [ 36 114]]
[[101  49]
 [ 36 114]]
[[ 94  56]
 [ 34 116]]
[[105  45]
 [ 48 102]]
[[103  47]
 [ 47 103]]
[[ 96  54]
 [ 42 108]]
[[122  28]
 [ 67  83]]
[[ 95  55]
 [ 43 107]]
[[111  39]
 [ 59  91]]
[[ 90  60]
 [ 38 112]]
[[122  28]
 [ 69  81]]
[[ 96  54]
 [ 45 105]]
[[ 92  58]
 [ 42 108]]
[[ 92  58]
 [ 42 108]]
[[ 93  57]
 [ 44 106]]
[[97 53]
 [51 99]]
[[97 53]
 [51 99]]
[[120  30]
 [ 72  78]]
[[119  31]
 [ 72  78]]
[[119  31]
 [ 72  78]]
[[ 82  68]
 [ 36 114]]
[[121  29]
 [ 75  75]]
[[123  27]
 [ 79  71]]
[[ 83  67]
 [ 42 108]]
[[123  27]
 [ 80  70]]
