[[100  50]
 [ 32 118]]
[[114  36]
 [ 47 103]]
[[109  41]
 [ 43 107]]
[[111  39]
 [ 45 105]]
[[115  35]
 [ 49 101]]
[[100  50]
 [ 34 116]]
[[105  45]
 [ 41 109]]
[[ 94  56]
 [ 30 120]]
[[109  41]
 [ 48 102]]
[[ 85  65]
 [ 24 126]]
[[ 94  56]
 [ 35 115]]
[[ 89  61]
 [ 30 120]]
[[101  49]
 [ 45 105]]
[[ 85  65]
 [ 28 122]]
[[ 90  60]
 [ 35 115]]
[[ 96  54]
 [ 43 107]]
[[ 87  63]
 [ 37 113]]
[[ 96  54]
 [ 48 102]]
[[ 96  54]
 [ 48 102]]
[[ 85  65]
 [ 37 113]]
[[ 79  71]
 [ 32 118]]
[[ 79  71]
 [ 35 115]]
[[ 79  71]
 [ 35 115]]
[[ 86  64]
 [ 45 105]]
[[ 64  86]
 [ 26 124]]
