[[115  35]
 [ 46 104]]
[[107  43]
 [ 47 103]]
[[110  40]
 [ 50 100]]
[[118  32]
 [ 58  92]]
[[ 93  57]
 [ 34 116]]
[[103  47]
 [ 46 104]]
[[102  48]
 [ 45 105]]
[[ 86  64]
 [ 30 120]]
[[121  29]
 [ 65  85]]
[[107  43]
 [ 54  96]]
[[ 95  55]
 [ 42 108]]
[[ 93  57]
 [ 40 110]]
[[ 91  59]
 [ 38 112]]
[[ 95  55]
 [ 43 107]]
[[112  38]
 [ 61  89]]
[[110  40]
 [ 60  90]]
[[ 87  63]
 [ 37 113]]
[[ 87  63]
 [ 37 113]]
[[109  41]
 [ 60  90]]
[[ 72  78]
 [ 20 130]]
[[113  37]
 [ 66  84]]
[[ 73  77]
 [ 24 126]]
[[ 68  82]
 [ 23 127]]
[[ 59  91]
 [ 17 133]]
[[ 59  91]
 [ 17 133]]
