[[ 47  48]
 [  5 514]]
[[ 49  46]
 [  9 510]]
[[ 50  45]
 [ 10 509]]
[[ 43  52]
 [  4 515]]
[[ 50  45]
 [ 11 508]]
[[ 45  50]
 [  7 512]]
[[ 50  45]
 [ 13 506]]
[[ 46  49]
 [ 14 505]]
[[ 38  57]
 [  7 512]]
[[ 36  59]
 [  5 514]]
[[ 49  46]
 [ 19 500]]
[[ 35  60]
 [  6 513]]
[[ 46  49]
 [ 20 499]]
[[ 37  58]
 [ 16 503]]
[[ 24  71]
 [  4 515]]
[[ 24  71]
 [  4 515]]
[[ 34  61]
 [ 16 503]]
[[ 34  61]
 [ 16 503]]
[[ 34  61]
 [ 16 503]]
[[ 20  75]
 [  4 515]]
[[ 28  67]
 [ 14 505]]
[[ 25  70]
 [ 11 508]]
[[ 26  69]
 [ 17 502]]
[[  2  93]
 [ 11 508]]
[[  6  89]
 [ 24 495]]
