[[146   4]
 [ 91  59]]
[[144   6]
 [104  46]]
[[138  12]
 [101  49]]
[[142   8]
 [107  43]]
[[144   6]
 [110  40]]
[[141   9]
 [109  41]]
[[148   2]
 [113  37]]
[[149   1]
 [114  36]]
[[147   3]
 [114  36]]
[[148   2]
 [115  35]]
[[144   6]
 [113  37]]
[[147   3]
 [115  35]]
[[143   7]
 [113  37]]
[[142   8]
 [117  33]]
[[148   2]
 [122  28]]
[[146   4]
 [125  25]]
[[145   5]
 [125  25]]
[[146   4]
 [136  14]]
[[147   3]
 [140  10]]
[[149   1]
 [143   7]]
[[149   1]
 [144   6]]
[[148   2]
 [145   5]]
[[148   2]
 [145   5]]
[[148   2]
 [149   1]]
[[148   2]
 [149   1]]
