[[ 33  76]
 [ 27 571]]
[[ 27  82]
 [ 26 572]]
[[ 52  57]
 [ 52 546]]
[[ 52  57]
 [ 52 546]]
[[ 52  57]
 [ 52 546]]
[[ 30  79]
 [ 32 566]]
[[ 35  74]
 [ 39 559]]
[[ 41  68]
 [ 52 546]]
[[ 38  71]
 [ 51 547]]
[[ 40  69]
 [ 56 542]]
[[ 40  69]
 [ 56 542]]
[[ 69  40]
 [ 88 510]]
[[ 69  40]
 [ 88 510]]
[[ 54  55]
 [ 74 524]]
[[ 54  55]
 [ 74 524]]
[[ 54  55]
 [ 74 524]]
[[ 52  57]
 [ 72 526]]
[[ 54  55]
 [ 74 524]]
[[ 75  34]
 [ 96 502]]
[[ 71  38]
 [ 94 504]]
[[ 33  76]
 [ 58 540]]
[[ 56  53]
 [ 84 514]]
[[ 78  31]
 [110 488]]
[[ 78  31]
 [110 488]]
[[ 78  31]
 [111 487]]
