[[109   0]
 [ 70 528]]
[[109   0]
 [ 77 521]]
[[109   0]
 [ 77 521]]
[[109   0]
 [ 77 521]]
[[109   0]
 [ 77 521]]
[[109   0]
 [ 77 521]]
[[109   0]
 [ 77 521]]
[[109   0]
 [ 80 518]]
[[109   0]
 [ 82 516]]
[[109   0]
 [ 89 509]]
[[109   0]
 [ 96 502]]
[[109   0]
 [101 497]]
[[109   0]
 [108 490]]
[[109   0]
 [108 490]]
[[109   0]
 [126 472]]
[[109   0]
 [126 472]]
[[109   0]
 [132 466]]
[[109   0]
 [134 464]]
[[109   0]
 [149 449]]
[[109   0]
 [192 406]]
[[109   0]
 [198 400]]
[[109   0]
 [203 395]]
[[109   0]
 [214 384]]
[[108   1]
 [217 381]]
[[109   0]
 [272 326]]
