[[130  20]
 [ 56  94]]
[[130  20]
 [ 56  94]]
[[130  20]
 [ 56  94]]
[[138  12]
 [ 66  84]]
[[139  11]
 [ 68  82]]
[[139  11]
 [ 68  82]]
[[126  24]
 [ 57  93]]
[[141   9]
 [ 70  80]]
[[141   9]
 [ 70  80]]
[[120  30]
 [ 53  97]]
[[120  30]
 [ 53  97]]
[[118  32]
 [ 57  93]]
[[139  11]
 [ 79  71]]
[[127  23]
 [ 70  80]]
[[141   9]
 [ 84  66]]
[[140  10]
 [ 84  66]]
[[141   9]
 [ 85  65]]
[[135  15]
 [ 81  69]]
[[139  11]
 [ 88  62]]
[[146   4]
 [ 98  52]]
[[146   4]
 [ 98  52]]
[[145   5]
 [105  45]]
[[146   4]
 [107  43]]
[[146   4]
 [109  41]]
[[146   4]
 [111  39]]
