0.7241656009428521
0.7241656009428521
0.7346749768466372
0.7346749768466372
0.7346749768466372
0.7346749768466372
0.7346749768466372
0.7346749768466372
0.7346749768466372
0.7346749768466372
0.7346749768466372
0.7346749768466372
0.7346749768466372
0.7346749768466372
0.7346749768466372
0.7346749768466372
0.7346749768466372
0.7346749768466372
0.7346749768466372
0.7346749768466372
0.7346749768466372
0.7346749768466372
0.7346749768466372
0.7346749768466372
0.7346749768466372
0.7346749768466372
0.7346749768466372
0.7346749768466372
0.7346749768466372
0.7346749768466372
0.7346749768466372
0.7346749768466372
0.7346749768466372
