[[86 56]
 [66 76]]
[[89 53]
 [71 71]]
[[89 53]
 [71 71]]
[[87 55]
 [72 70]]
[[87 55]
 [72 70]]
[[102  40]
 [ 85  57]]
[[87 55]
 [73 69]]
[[89 53]
 [76 66]]
[[75 67]
 [64 78]]
[[99 43]
 [86 56]]
[[83 59]
 [74 68]]
[[102  40]
 [ 90  52]]
[[115  27]
 [ 99  43]]
[[86 56]
 [78 64]]
[[86 56]
 [78 64]]
[[66 76]
 [60 82]]
[[118  24]
 [103  39]]
[[110  32]
 [100  42]]
[[119  23]
 [106  36]]
[[122  20]
 [108  34]]
[[122  20]
 [108  34]]
[[120  22]
 [109  33]]
[[ 27 115]
 [ 22 120]]
[[ 21 121]
 [ 23 119]]
[[  8 134]
 [  6 136]]
