[[105   4]
 [ 17 581]]
[[104   5]
 [ 16 582]]
[[104   5]
 [ 16 582]]
[[105   4]
 [ 17 581]]
[[105   4]
 [ 17 581]]
[[102   7]
 [ 14 584]]
[[104   5]
 [ 16 582]]
[[105   4]
 [ 17 581]]
[[105   4]
 [ 17 581]]
[[103   6]
 [ 16 582]]
[[102   7]
 [ 15 583]]
[[ 99  10]
 [ 13 585]]
[[102   7]
 [ 17 581]]
[[ 99  10]
 [ 17 581]]
[[ 97  12]
 [ 15 583]]
[[ 95  14]
 [ 15 583]]
[[ 72  37]
 [  8 590]]
[[ 68  41]
 [  7 591]]
[[ 68  41]
 [  9 589]]
[[ 66  43]
 [  8 590]]
[[ 63  46]
 [  8 590]]
[[ 61  48]
 [  6 592]]
[[ 63  46]
 [  8 590]]
[[ 60  49]
 [  7 591]]
[[ 58  51]
 [  5 593]]
