[[122  78]
 [ 35 165]]
[[121  79]
 [ 39 161]]
[[119  81]
 [ 43 157]]
[[101  99]
 [ 24 176]]
[[106  94]
 [ 32 168]]
[[106  94]
 [ 32 168]]
[[ 97 103]
 [ 26 174]]
[[ 90 110]
 [ 17 183]]
[[ 97 103]
 [ 30 170]]
[[ 88 112]
 [ 18 182]]
[[ 96 104]
 [ 29 171]]
[[ 87 113]
 [ 17 183]]
[[ 87 113]
 [ 17 183]]
[[ 92 108]
 [ 24 176]]
[[ 92 108]
 [ 24 176]]
[[ 91 109]
 [ 23 177]]
[[ 86 114]
 [ 18 182]]
[[ 89 111]
 [ 23 177]]
[[ 88 112]
 [ 23 177]]
[[ 87 113]
 [ 22 178]]
[[ 84 116]
 [ 23 177]]
[[ 72 128]
 [ 16 184]]
[[ 55 145]
 [ 12 188]]
[[ 40 160]
 [  7 193]]
[[ 18 182]
 [  3 197]]
