0.7033312382149592
0.7033312382149592
0.7033312382149592
0.7050147492625369
0.7050147492625369
0.7050147492625369
0.7050147492625369
0.7050147492625369
0.7050147492625369
0.7050147492625369
0.7050147492625369
0.7050147492625369
0.7050147492625369
0.7050147492625369
0.7050147492625369
0.7050147492625369
0.7050147492625369
0.7050147492625369
0.7050147492625369
0.7050147492625369
0.7050147492625369
0.7050147492625369
0.7050147492625369
0.7050147492625369
0.7098839535814325
0.7098839535814325
0.7098839535814325
0.7098839535814325
0.7098839535814325
0.7098839535814325
0.7098839535814325
0.7098839535814325
0.7098839535814325
0.7098839535814325
0.7098839535814325
0.7098839535814325
0.7098839535814325
0.7098839535814325
0.7098839535814325
0.7098839535814325
0.7098839535814325
0.7098839535814325
0.7098839535814325
0.7098839535814325
0.7098839535814325
0.7098839535814325
0.7098839535814325
0.7098839535814325
0.7098839535814325
0.7098839535814325
0.7098839535814325
0.7098839535814325
0.7098839535814325
0.7098839535814325
0.7098839535814325
