[[ 35  24  36]
 [  3 360 156]
 [ 16 180 227]]
[[ 34  33  28]
 [  5 442  72]
 [ 19 260 144]]
[[ 37  30  28]
 [  9 425  85]
 [ 24 242 157]]
[[ 16  29  50]
 [  9 404 106]
 [ 12 213 198]]
[[ 16  29  50]
 [  9 404 106]
 [ 12 213 198]]
[[ 16  29  50]
 [  9 404 106]
 [ 12 213 198]]
[[ 31  32  32]
 [ 11 431  77]
 [ 20 248 155]]
[[ 38  31  26]
 [ 20 418  81]
 [ 28 237 158]]
[[ 37  30  28]
 [  8 419  92]
 [ 19 246 158]]
[[ 29  33  33]
 [ 11 437  71]
 [ 17 258 148]]
[[ 34  31  30]
 [  9 422  88]
 [ 20 246 157]]
[[ 18  32  45]
 [  7 439  73]
 [ 16 253 154]]
[[ 18  32  45]
 [  7 439  73]
 [ 16 253 154]]
[[ 39  31  25]
 [ 32 412  75]
 [ 50 237 136]]
[[ 39  31  25]
 [ 32 412  75]
 [ 50 237 136]]
[[ 39  30  26]
 [ 38 409  72]
 [ 54 238 131]]
[[  4  32  59]
 [ 16 390 113]
 [  2 241 180]]
[[ 38  30  27]
 [ 33 410  76]
 [ 49 249 125]]
[[ 39  30  26]
 [ 43 393  83]
 [ 56 233 134]]
[[  6  31  58]
 [ 22 386 111]
 [  8 242 173]]
[[  4  32  59]
 [ 17 379 123]
 [  8 237 178]]
[[ 57  37   1]
 [ 46 459  14]
 [119 298   6]]
[[ 57  37   1]
 [ 56 451  12]
 [128 289   6]]
[[ 54  40   1]
 [ 56 447  16]
 [123 294   6]]
[[ 58  36   1]
 [ 65 438  16]
 [131 286   6]]
