[[109   0]
 [ 67 531]]
[[109   0]
 [ 69 529]]
[[109   0]
 [ 69 529]]
[[109   0]
 [ 69 529]]
[[109   0]
 [ 70 528]]
[[109   0]
 [ 70 528]]
[[109   0]
 [ 73 525]]
[[109   0]
 [ 77 521]]
[[109   0]
 [ 77 521]]
[[109   0]
 [ 77 521]]
[[109   0]
 [ 77 521]]
[[109   0]
 [ 77 521]]
[[109   0]
 [ 77 521]]
[[109   0]
 [ 77 521]]
[[109   0]
 [ 78 520]]
[[109   0]
 [ 80 518]]
[[109   0]
 [ 81 517]]
[[109   0]
 [106 492]]
[[109   0]
 [112 486]]
[[109   0]
 [140 458]]
[[109   0]
 [158 440]]
[[109   0]
 [162 436]]
[[109   0]
 [187 411]]
[[109   0]
 [193 405]]
[[109   0]
 [221 377]]
