[[214  23]
 [224  13]]
[[207  30]
 [210  27]]
[[216  21]
 [213  24]]
[[216  21]
 [219  18]]
[[214  23]
 [212  25]]
[[206  31]
 [213  24]]
[[206  31]
 [213  24]]
[[206  31]
 [211  26]]
[[207  30]
 [213  24]]
[[213  24]
 [215  22]]
[[218  19]
 [212  25]]
[[201  36]
 [213  24]]
[[221  16]
 [217  20]]
[[217  20]
 [207  30]]
[[221  16]
 [216  21]]
[[216  21]
 [218  19]]
[[213  24]
 [212  25]]
[[214  23]
 [208  29]]
[[210  27]
 [215  22]]
[[213  24]
 [216  21]]
[[210  27]
 [210  27]]
[[217  20]
 [215  22]]
[[211  26]
 [211  26]]
[[211  26]
 [205  32]]
[[218  19]
 [217  20]]
