0.7224955220868337
0.7224955220868337
0.7224955220868337
0.7224955220868337
0.7224955220868337
0.7224955220868337
0.7224955220868337
0.7224955220868337
0.7224955220868337
0.7224955220868337
0.7224955220868337
0.7224955220868337
0.7224955220868337
0.7224955220868337
0.7224955220868337
0.7224955220868337
0.7224955220868337
0.7224955220868337
0.7224955220868337
0.7224955220868337
0.7224955220868337
0.7224955220868337
0.7224955220868337
0.7224955220868337
0.7224955220868337
0.7224955220868337
0.7224955220868337
0.7224955220868337
0.7224955220868337
0.7224955220868337
0.7224955220868337
