[[ 53  42]
 [ 24 495]]
[[ 53  42]
 [ 26 493]]
[[ 51  44]
 [ 24 495]]
[[ 51  44]
 [ 26 493]]
[[ 57  38]
 [ 33 486]]
[[ 45  50]
 [ 22 497]]
[[ 61  34]
 [ 39 480]]
[[ 52  43]
 [ 31 488]]
[[ 51  44]
 [ 32 487]]
[[ 40  55]
 [ 22 497]]
[[ 41  54]
 [ 23 496]]
[[ 44  51]
 [ 27 492]]
[[ 47  48]
 [ 30 489]]
[[ 44  51]
 [ 27 492]]
[[ 49  46]
 [ 33 486]]
[[ 49  46]
 [ 33 486]]
[[ 45  50]
 [ 30 489]]
[[ 45  50]
 [ 31 488]]
[[ 29  66]
 [ 16 503]]
[[ 31  64]
 [ 19 500]]
[[ 26  69]
 [ 16 503]]
[[ 36  59]
 [ 28 491]]
[[ 20  75]
 [ 15 504]]
[[ 20  75]
 [ 15 504]]
[[ 20  75]
 [ 16 503]]
