[[109   0]
 [ 28 570]]
[[109   0]
 [ 29 569]]
[[109   0]
 [ 29 569]]
[[109   0]
 [ 30 568]]
[[109   0]
 [ 30 568]]
[[109   0]
 [ 31 567]]
[[109   0]
 [ 35 563]]
[[108   1]
 [ 38 560]]
[[109   0]
 [ 40 558]]
[[109   0]
 [ 40 558]]
[[109   0]
 [ 40 558]]
[[109   0]
 [ 40 558]]
[[109   0]
 [ 45 553]]
[[109   0]
 [ 46 552]]
[[109   0]
 [ 47 551]]
[[109   0]
 [ 49 549]]
[[109   0]
 [ 51 547]]
[[109   0]
 [ 52 546]]
[[109   0]
 [ 65 533]]
[[109   0]
 [ 79 519]]
[[109   0]
 [ 82 516]]
[[109   0]
 [ 83 515]]
[[109   0]
 [108 490]]
[[109   0]
 [119 479]]
[[109   0]
 [128 470]]
