[[166  34]
 [ 74 126]]
[[147  53]
 [ 59 141]]
[[124  76]
 [ 35 165]]
[[122  78]
 [ 35 165]]
[[119  81]
 [ 35 165]]
[[113  87]
 [ 28 172]]
[[121  79]
 [ 39 161]]
[[152  48]
 [ 72 128]]
[[111  89]
 [ 31 169]]
[[100 100]
 [ 20 180]]
[[119  81]
 [ 43 157]]
[[101  99]
 [ 24 176]]
[[106  94]
 [ 32 168]]
[[110  90]
 [ 37 163]]
[[105  95]
 [ 35 165]]
[[104  96]
 [ 35 165]]
[[ 97 103]
 [ 30 170]]
[[ 94 106]
 [ 27 173]]
[[ 90 110]
 [ 25 175]]
[[100 100]
 [ 41 159]]
[[ 96 104]
 [ 37 163]]
[[ 98 102]
 [ 41 159]]
[[ 85 115]
 [ 24 176]]
[[ 82 118]
 [ 20 180]]
[[ 78 122]
 [ 17 183]]
