[[ 48  47]
 [ 12 507]]
[[ 49  46]
 [ 14 505]]
[[ 50  45]
 [ 17 502]]
[[ 50  45]
 [ 17 502]]
[[ 50  45]
 [ 17 502]]
[[ 49  46]
 [ 20 499]]
[[ 48  47]
 [ 21 498]]
[[ 48  47]
 [ 22 497]]
[[ 48  47]
 [ 22 497]]
[[ 48  47]
 [ 22 497]]
[[ 48  47]
 [ 24 495]]
[[ 47  48]
 [ 25 494]]
[[ 47  48]
 [ 25 494]]
[[ 48  47]
 [ 29 490]]
[[ 48  47]
 [ 32 487]]
[[ 47  48]
 [ 40 479]]
[[ 25  70]
 [ 20 499]]
[[ 30  65]
 [ 29 490]]
[[ 63  32]
 [104 415]]
[[ 63  32]
 [109 410]]
[[ 61  34]
 [110 409]]
[[ 66  29]
 [147 372]]
[[ 67  28]
 [156 363]]
[[ 90   5]
 [366 153]]
[[ 90   5]
 [381 138]]
