[[113  37]
 [ 40 110]]
[[113  37]
 [ 40 110]]
[[113  37]
 [ 40 110]]
[[124  26]
 [ 51  99]]
[[125  25]
 [ 53  97]]
[[114  36]
 [ 43 107]]
[[114  36]
 [ 45 105]]
[[114  36]
 [ 45 105]]
[[118  32]
 [ 51  99]]
[[112  38]
 [ 46 104]]
[[112  38]
 [ 46 104]]
[[112  38]
 [ 46 104]]
[[112  38]
 [ 46 104]]
[[135  15]
 [ 67  83]]
[[106  44]
 [ 43 107]]
[[ 99  51]
 [ 37 113]]
[[ 99  51]
 [ 37 113]]
[[ 99  51]
 [ 37 113]]
[[104  46]
 [ 43 107]]
[[128  22]
 [ 66  84]]
[[138  12]
 [ 77  73]]
[[ 88  62]
 [ 33 117]]
[[103  47]
 [ 50 100]]
[[129  21]
 [ 75  75]]
[[135  15]
 [ 80  70]]
