[[105   4]
 [ 17 581]]
[[105   4]
 [ 17 581]]
[[105   4]
 [ 17 581]]
[[ 95  14]
 [  8 590]]
[[103   6]
 [ 17 581]]
[[105   4]
 [ 19 579]]
[[103   6]
 [ 18 580]]
[[103   6]
 [ 18 580]]
[[103   6]
 [ 19 579]]
[[102   7]
 [ 20 578]]
[[105   4]
 [ 23 575]]
[[104   5]
 [ 22 576]]
[[102   7]
 [ 21 577]]
[[102   7]
 [ 21 577]]
[[105   4]
 [ 28 570]]
[[ 99  10]
 [ 23 575]]
[[103   6]
 [ 28 570]]
[[ 92  17]
 [ 19 579]]
[[ 93  16]
 [ 20 578]]
[[ 91  18]
 [ 22 576]]
[[ 88  21]
 [ 24 574]]
[[ 33  76]
 [  3 595]]
[[ 29  80]
 [  3 595]]
[[ 30  79]
 [  4 594]]
[[ 25  84]
 [  3 595]]
