[[ 64  31]
 [ 36 483]]
[[ 67  28]
 [ 43 476]]
[[ 62  33]
 [ 44 475]]
[[ 63  32]
 [ 45 474]]
[[ 44  51]
 [ 28 491]]
[[ 41  54]
 [ 26 493]]
[[ 42  53]
 [ 28 491]]
[[ 28  67]
 [ 15 504]]
[[ 45  50]
 [ 32 487]]
[[ 43  52]
 [ 31 488]]
[[ 68  27]
 [ 56 463]]
[[ 64  31]
 [ 53 466]]
[[ 44  51]
 [ 34 485]]
[[ 68  27]
 [ 62 457]]
[[ 72  23]
 [ 69 450]]
[[ 55  40]
 [ 52 467]]
[[ 68  27]
 [ 66 453]]
[[ 37  58]
 [ 35 484]]
[[ 70  25]
 [ 70 449]]
[[ 10  85]
 [ 13 506]]
[[ 39  56]
 [ 42 477]]
[[ 10  85]
 [ 13 506]]
[[ 15  80]
 [ 20 499]]
[[ 68  27]
 [ 73 446]]
[[ 74  21]
 [ 81 438]]
