[[148  52]
 [ 48 152]]
[[136  64]
 [ 36 164]]
[[136  64]
 [ 36 164]]
[[136  64]
 [ 36 164]]
[[136  64]
 [ 36 164]]
[[139  61]
 [ 53 147]]
[[127  73]
 [ 43 157]]
[[112  88]
 [ 27 173]]
[[129  71]
 [ 53 147]]
[[118  82]
 [ 46 154]]
[[106  94]
 [ 32 168]]
[[118  82]
 [ 48 152]]
[[ 97 103]
 [ 26 174]]
[[ 98 102]
 [ 29 171]]
[[ 76 124]
 [ 19 181]]
[[ 76 124]
 [ 20 180]]
[[ 72 128]
 [ 16 184]]
[[ 73 127]
 [ 18 182]]
[[ 67 133]
 [ 11 189]]
[[ 65 135]
 [ 19 181]]
[[ 63 137]
 [ 16 184]]
[[ 63 137]
 [ 18 182]]
[[ 54 146]
 [ 10 190]]
[[ 58 142]
 [ 21 179]]
[[ 59 141]
 [ 23 177]]
