0.8094462540716613
0.8094462540716613
0.8143322475570033
0.8697068403908795
0.8697068403908795
0.8697068403908795
0.8697068403908795
0.8697068403908795
0.8729641693811075
0.8762214983713354
0.8827361563517915
0.8827361563517915
0.9071661237785016
0.9071661237785016
0.9136807817589576
0.9136807817589576
0.9136807817589576
0.9136807817589576
0.9136807817589576
0.9136807817589576
0.9136807817589576
0.9136807817589576
0.9136807817589576
0.9169381107491856
0.9169381107491856
0.9169381107491856
0.9169381107491856
0.9169381107491856
0.9169381107491856
0.9169381107491856
0.9169381107491856
0.9169381107491856
0.9169381107491856
0.9169381107491856
