[[109   0]
 [ 28 570]]
[[109   0]
 [ 29 569]]
[[109   0]
 [ 29 569]]
[[109   0]
 [ 30 568]]
[[109   0]
 [ 30 568]]
[[109   0]
 [ 30 568]]
[[109   0]
 [ 31 567]]
[[109   0]
 [ 31 567]]
[[109   0]
 [ 32 566]]
[[109   0]
 [ 32 566]]
[[109   0]
 [ 32 566]]
[[109   0]
 [ 35 563]]
[[109   0]
 [ 36 562]]
[[109   0]
 [ 39 559]]
[[108   1]
 [ 38 560]]
[[109   0]
 [ 39 559]]
[[109   0]
 [ 39 559]]
[[109   0]
 [ 39 559]]
[[109   0]
 [ 40 558]]
[[109   0]
 [ 40 558]]
[[109   0]
 [ 40 558]]
[[109   0]
 [ 40 558]]
[[109   0]
 [ 42 556]]
[[109   0]
 [ 43 555]]
[[109   0]
 [ 79 519]]
