0.7433628318584071
0.7426160337552743
0.74235807860262
0.7400881057268722
0.7392996108949417
0.7257383966244726
0.7222222222222222
0.719626168224299
0.7188940092165899
0.7130434782608696
0.7121951219512195
0.704225352112676
0.7
0.6986899563318777
0.6940639269406392
0.6929824561403509
0.6884057971014492
0.6872246696035242
0.6865671641791045
0.6836363636363636
0.6810344827586207
0.6790697674418604
0.6785714285714286
0.6782006920415224
0.6735395189003437
0.673469387755102
0.6733668341708543
0.6721991701244814
0.6688963210702341
0.6637931034482759
0.6632124352331606
0.6572769953051644
0.6502463054187192
0.6145833333333334
0.5508982035928144
