[[ 48  47]
 [ 17 502]]
[[ 47  48]
 [ 18 501]]
[[ 48  47]
 [ 20 499]]
[[ 47  48]
 [ 19 500]]
[[ 48  47]
 [ 20 499]]
[[ 49  46]
 [ 21 498]]
[[ 47  48]
 [ 20 499]]
[[ 49  46]
 [ 22 497]]
[[ 46  49]
 [ 20 499]]
[[ 47  48]
 [ 22 497]]
[[ 49  46]
 [ 24 495]]
[[ 45  50]
 [ 20 499]]
[[ 47  48]
 [ 22 497]]
[[ 46  49]
 [ 21 498]]
[[ 42  53]
 [ 18 501]]
[[ 46  49]
 [ 22 497]]
[[ 45  50]
 [ 21 498]]
[[ 45  50]
 [ 21 498]]
[[ 46  49]
 [ 22 497]]
[[ 45  50]
 [ 21 498]]
[[ 45  50]
 [ 21 498]]
[[ 44  51]
 [ 21 498]]
[[ 45  50]
 [ 22 497]]
[[ 45  50]
 [ 24 495]]
[[ 45  50]
 [ 25 494]]
