[[ 57  38]
 [ 42 477]]
[[ 54  41]
 [ 43 476]]
[[ 56  39]
 [ 51 468]]
[[ 48  47]
 [ 44 475]]
[[ 43  52]
 [ 40 479]]
[[ 64  31]
 [ 64 455]]
[[ 64  31]
 [ 65 454]]
[[ 40  55]
 [ 42 477]]
[[ 19  76]
 [ 23 496]]
[[ 37  58]
 [ 41 478]]
[[ 72  23]
 [ 78 441]]
[[ 26  69]
 [ 36 483]]
[[  0  95]
 [ 15 504]]
[[ 72  23]
 [ 87 432]]
[[ 64  31]
 [ 79 440]]
[[ 16  79]
 [ 31 488]]
[[ 74  21]
 [ 96 423]]
[[ 71  24]
 [ 98 421]]
[[ 20  75]
 [ 47 472]]
[[ 52  43]
 [ 79 440]]
[[ 64  31]
 [ 95 424]]
[[ 76  19]
 [110 409]]
[[ 58  37]
 [126 393]]
[[ 55  40]
 [127 392]]
[[ 60  35]
 [171 348]]
