[[ 55  40]
 [  7 512]]
[[ 58  37]
 [ 14 505]]
[[ 85  10]
 [ 43 476]]
[[ 90   5]
 [ 51 468]]
[[ 49  46]
 [ 10 509]]
[[ 83  12]
 [ 48 471]]
[[ 89   6]
 [ 61 458]]
[[ 52  43]
 [ 27 492]]
[[ 60  35]
 [ 36 483]]
[[ 88   7]
 [ 65 454]]
[[ 23  72]
 [  2 517]]
[[ 69  26]
 [ 49 470]]
[[ 84  11]
 [ 66 453]]
[[ 74  21]
 [ 58 461]]
[[ 87   8]
 [ 72 447]]
[[ 35  60]
 [ 22 497]]
[[ 67  28]
 [ 56 463]]
[[ 79  16]
 [ 74 445]]
[[  4  91]
 [  1 518]]
[[ 92   3]
 [ 89 430]]
[[ 88   7]
 [ 87 432]]
[[  2  93]
 [  1 518]]
[[  0  95]
 [  0 519]]
[[  0  95]
 [  0 519]]
[[  4  91]
 [  9 510]]
