[[323 177]
 [107 393]]
[[323 177]
 [107 393]]
[[323 177]
 [107 393]]
[[323 177]
 [107 393]]
[[323 177]
 [107 393]]
[[323 177]
 [107 393]]
[[323 177]
 [107 393]]
[[323 177]
 [107 393]]
[[323 177]
 [107 393]]
[[323 177]
 [107 393]]
[[323 177]
 [107 393]]
[[323 177]
 [107 393]]
[[323 177]
 [107 393]]
[[323 177]
 [107 393]]
[[323 177]
 [107 393]]
[[275 225]
 [ 87 413]]
[[399 101]
 [223 277]]
[[399 101]
 [223 277]]
[[399 101]
 [223 277]]
[[399 101]
 [223 277]]
[[261 239]
 [ 88 412]]
[[261 239]
 [ 88 412]]
[[269 231]
 [ 99 401]]
[[261 239]
 [ 91 409]]
[[167 333]
 [ 49 451]]
