[[107  43]
 [ 43 107]]
[[101  49]
 [ 37 113]]
[[106  44]
 [ 44 106]]
[[115  35]
 [ 53  97]]
[[108  42]
 [ 47 103]]
[[ 99  51]
 [ 39 111]]
[[ 96  54]
 [ 36 114]]
[[107  43]
 [ 48 102]]
[[105  45]
 [ 48 102]]
[[100  50]
 [ 43 107]]
[[119  31]
 [ 62  88]]
[[101  49]
 [ 45 105]]
[[ 96  54]
 [ 40 110]]
[[113  37]
 [ 57  93]]
[[ 93  57]
 [ 37 113]]
[[ 98  52]
 [ 43 107]]
[[114  36]
 [ 59  91]]
[[115  35]
 [ 61  89]]
[[121  29]
 [ 67  83]]
[[124  26]
 [ 70  80]]
[[108  42]
 [ 56  94]]
[[112  38]
 [ 62  88]]
[[123  27]
 [ 72  78]]
[[123  27]
 [ 72  78]]
[[ 93  57]
 [ 45 105]]
