[[100  50]
 [ 32 118]]
[[114  36]
 [ 47 103]]
[[109  41]
 [ 43 107]]
[[111  39]
 [ 45 105]]
[[115  35]
 [ 49 101]]
[[107  43]
 [ 46 104]]
[[ 94  56]
 [ 38 112]]
[[ 94  56]
 [ 39 111]]
[[ 93  57]
 [ 39 111]]
[[ 92  58]
 [ 40 110]]
[[ 91  59]
 [ 39 111]]
[[ 95  55]
 [ 45 105]]
[[120  30]
 [ 69  81]]
[[ 82  68]
 [ 32 118]]
[[ 85  65]
 [ 36 114]]
[[ 90  60]
 [ 43 107]]
[[ 83  67]
 [ 36 114]]
[[107  43]
 [ 61  89]]
[[112  38]
 [ 66  84]]
[[98 52]
 [53 97]]
[[101  49]
 [ 57  93]]
[[116  34]
 [ 72  78]]
[[112  38]
 [ 69  81]]
[[ 63  87]
 [ 23 127]]
[[ 59  91]
 [ 19 131]]
