[[ 12  32  51]
 [ 10 426  83]
 [  8 251 164]]
[[ 12  35  48]
 [ 17 446  56]
 [  5 277 141]]
[[  4  34  57]
 [  5 429  85]
 [  3 254 166]]
[[ 12  19  64]
 [ 40 380  99]
 [ 12 206 205]]
[[ 36  40  19]
 [ 10 433  76]
 [ 11 284 128]]
[[ 35  34  26]
 [ 10 431  78]
 [ 13 280 130]]
[[  7  38  50]
 [  6 451  62]
 [  3 291 129]]
[[ 16  34  45]
 [  5 430  84]
 [  6 286 131]]
[[ 15  35  45]
 [  4 422  93]
 [  7 278 138]]
[[  4  34  57]
 [ 10 431  78]
 [ 11 274 138]]
[[ 28  30  37]
 [ 21 399  99]
 [ 11 267 145]]
[[  2  25  68]
 [ 20 387 112]
 [  3 238 182]]
[[  5  22  68]
 [ 22 372 125]
 [  3 227 193]]
[[ 10  30  55]
 [  4 397 118]
 [  4 256 163]]
[[  8  24  63]
 [  6 352 161]
 [  5 226 192]]
[[ 26  27  42]
 [ 63 370  86]
 [ 44 225 154]]
[[ 11  37  47]
 [ 39 409  71]
 [ 33 261 129]]
[[ 41  38  16]
 [ 40 455  24]
 [ 98 298  27]]
[[ 40  32  23]
 [105 380  34]
 [101 227  95]]
[[ 33  40  22]
 [ 68 426  25]
 [111 287  25]]
[[ 30  43  22]
 [ 76 420  23]
 [119 278  26]]
[[ 31  52  12]
 [ 64 431  24]
 [119 292  12]]
[[ 40  39  16]
 [ 86 418  15]
 [141 271  11]]
[[ 32  38  25]
 [ 93 407  19]
 [132 279  12]]
[[ 29  32  34]
 [115 380  24]
 [173 225  25]]
