[[173 127]
 [ 68 232]]
[[158 142]
 [ 51 249]]
[[157 143]
 [ 52 248]]
[[156 144]
 [ 51 249]]
[[151 149]
 [ 45 255]]
[[158 142]
 [ 55 245]]
[[158 142]
 [ 55 245]]
[[158 142]
 [ 55 245]]
[[158 142]
 [ 55 245]]
[[158 142]
 [ 55 245]]
[[185 115]
 [ 86 214]]
[[155 145]
 [ 55 245]]
[[147 153]
 [ 45 255]]
[[190 110]
 [ 96 204]]
[[150 150]
 [ 52 248]]
[[175 125]
 [ 82 218]]
[[144 156]
 [ 60 240]]
[[144 156]
 [ 60 240]]
[[124 176]
 [ 35 265]]
[[116 184]
 [ 30 270]]
[[116 184]
 [ 30 270]]
[[125 175]
 [ 50 250]]
[[112 188]
 [ 35 265]]
[[103 197]
 [ 29 271]]
[[106 194]
 [ 40 260]]
