[[101  49]
 [ 41 109]]
[[101  49]
 [ 42 108]]
[[101  49]
 [ 42 108]]
[[100  50]
 [ 41 109]]
[[100  50]
 [ 41 109]]
[[100  50]
 [ 41 109]]
[[113  37]
 [ 56  94]]
[[ 92  58]
 [ 35 115]]
[[ 93  57]
 [ 38 112]]
[[ 93  57]
 [ 38 112]]
[[ 92  58]
 [ 38 112]]
[[ 91  59]
 [ 37 113]]
[[ 91  59]
 [ 37 113]]
[[ 83  67]
 [ 28 122]]
[[ 83  67]
 [ 28 122]]
[[ 89  61]
 [ 35 115]]
[[ 90  60]
 [ 37 113]]
[[ 86  64]
 [ 33 117]]
[[ 86  64]
 [ 33 117]]
[[124  26]
 [ 71  79]]
[[ 82  68]
 [ 30 120]]
[[ 81  69]
 [ 29 121]]
[[ 87  63]
 [ 36 114]]
[[ 75  75]
 [ 29 121]]
[[ 75  75]
 [ 29 121]]
