0.7097094548139848
0.7097094548139848
0.7097387648883995
0.7148217636022514
0.7148217636022514
0.7148217636022514
0.7148217636022514
0.7148217636022514
0.7148217636022514
0.7148217636022514
0.7148217636022514
0.7148217636022514
0.7148217636022514
0.7148217636022514
0.7148217636022514
0.7148217636022514
0.7148217636022514
0.7148217636022514
0.7148217636022514
0.7148217636022514
0.7148217636022514
0.7148217636022514
0.7148217636022514
0.7148217636022514
0.7148217636022514
0.7148217636022514
0.7148217636022514
0.7148217636022514
0.7148217636022514
0.7148217636022514
0.7148217636022514
0.7148217636022514
0.7148217636022514
0.7148217636022514
