[[ 50  45]
 [ 17 502]]
[[ 50  45]
 [ 17 502]]
[[ 50  45]
 [ 17 502]]
[[ 50  45]
 [ 17 502]]
[[ 50  45]
 [ 17 502]]
[[ 47  48]
 [ 16 503]]
[[ 46  49]
 [ 17 502]]
[[ 46  49]
 [ 17 502]]
[[ 46  49]
 [ 17 502]]
[[ 49  46]
 [ 20 499]]
[[ 46  49]
 [ 18 501]]
[[ 46  49]
 [ 21 498]]
[[ 46  49]
 [ 21 498]]
[[ 47  48]
 [ 24 495]]
[[ 30  65]
 [ 29 490]]
[[ 16  79]
 [ 17 502]]
[[ 13  82]
 [ 14 505]]
[[ 13  82]
 [ 15 504]]
[[ 22  73]
 [ 25 494]]
[[ 22  73]
 [ 25 494]]
[[ 17  78]
 [ 21 498]]
[[ 56  39]
 [106 413]]
[[ 56  39]
 [106 413]]
[[ 55  40]
 [109 410]]
[[ 60  35]
 [136 383]]
