[[ 63  32]
 [ 34 485]]
[[ 62  33]
 [ 36 483]]
[[ 67  28]
 [ 42 477]]
[[ 67  28]
 [ 42 477]]
[[ 67  28]
 [ 42 477]]
[[ 67  28]
 [ 42 477]]
[[ 65  30]
 [ 42 477]]
[[ 39  56]
 [ 18 501]]
[[ 66  29]
 [ 45 474]]
[[ 67  28]
 [ 50 469]]
[[ 37  58]
 [ 20 499]]
[[ 33  62]
 [ 17 502]]
[[ 38  57]
 [ 22 497]]
[[ 41  54]
 [ 26 493]]
[[ 32  63]
 [ 17 502]]
[[ 67  28]
 [ 54 465]]
[[ 68  27]
 [ 56 463]]
[[ 27  68]
 [ 17 502]]
[[ 27  68]
 [ 18 501]]
[[ 69  26]
 [ 60 459]]
[[ 28  67]
 [ 22 497]]
[[ 70  25]
 [ 64 455]]
[[ 25  70]
 [ 28 491]]
[[ 25  70]
 [ 29 490]]
[[ 71  24]
 [ 83 436]]
