0.7089522280208751
0.7098839535814325
0.7442262845106447
0.7442262845106447
0.7442262845106447
0.7442262845106447
0.7442262845106447
0.7442262845106447
0.7442262845106447
0.7442262845106447
0.7442262845106447
0.7442262845106447
0.7442262845106447
0.7442262845106447
0.7442262845106447
0.7442262845106447
0.7442262845106447
0.7442262845106447
0.7442262845106447
0.7442262845106447
0.7442262845106447
0.7442262845106447
0.7442262845106447
0.7442262845106447
0.7442262845106447
0.7442262845106447
0.7442262845106447
0.7442262845106447
0.7442262845106447
0.7442262845106447
0.7442262845106447
0.7442262845106447
0.7442262845106447
