[[105   4]
 [ 17 581]]
[[105   4]
 [ 17 581]]
[[105   4]
 [ 17 581]]
[[ 95  14]
 [  8 590]]
[[103   6]
 [ 17 581]]
[[103   6]
 [ 18 580]]
[[106   3]
 [ 21 577]]
[[106   3]
 [ 21 577]]
[[104   5]
 [ 20 578]]
[[104   5]
 [ 21 577]]
[[103   6]
 [ 22 576]]
[[103   6]
 [ 22 576]]
[[105   4]
 [ 25 573]]
[[ 93  16]
 [ 15 583]]
[[ 85  24]
 [ 11 587]]
[[ 83  26]
 [ 11 587]]
[[ 83  26]
 [ 12 586]]
[[ 72  37]
 [  7 591]]
[[ 77  32]
 [ 12 586]]
[[ 77  32]
 [ 12 586]]
[[ 25  84]
 [  4 594]]
[[ 19  90]
 [  4 594]]
[[ 19  90]
 [  4 594]]
[[ 15  94]
 [  8 590]]
[[ 19  90]
 [ 12 586]]
