[[109   0]
 [ 37 561]]
[[109   0]
 [ 41 557]]
[[109   0]
 [ 43 555]]
[[109   0]
 [ 52 546]]
[[109   0]
 [ 53 545]]
[[109   0]
 [ 53 545]]
[[109   0]
 [ 56 542]]
[[109   0]
 [ 56 542]]
[[109   0]
 [ 59 539]]
[[109   0]
 [ 64 534]]
[[109   0]
 [ 69 529]]
[[109   0]
 [ 69 529]]
[[109   0]
 [ 69 529]]
[[109   0]
 [ 72 526]]
[[109   0]
 [ 80 518]]
[[109   0]
 [ 92 506]]
[[109   0]
 [ 98 500]]
[[109   0]
 [127 471]]
[[109   0]
 [138 460]]
[[109   0]
 [144 454]]
[[109   0]
 [180 418]]
[[109   0]
 [186 412]]
[[109   0]
 [204 394]]
[[109   0]
 [214 384]]
[[109   0]
 [288 310]]
