[[349 151]
 [136 364]]
[[349 151]
 [136 364]]
[[337 163]
 [128 372]]
[[368 132]
 [160 340]]
[[368 132]
 [160 340]]
[[358 142]
 [151 349]]
[[349 151]
 [148 352]]
[[348 152]
 [153 347]]
[[277 223]
 [ 78 422]]
[[373 127]
 [186 314]]
[[356 144]
 [170 330]]
[[375 125]
 [190 310]]
[[302 198]
 [118 382]]
[[301 199]
 [119 381]]
[[327 173]
 [147 353]]
[[338 162]
 [162 338]]
[[317 183]
 [146 354]]
[[298 202]
 [126 374]]
[[267 233]
 [ 94 406]]
[[297 203]
 [135 365]]
[[259 241]
 [104 396]]
[[249 251]
 [105 395]]
[[235 265]
 [109 391]]
[[188 312]
 [ 55 445]]
[[181 319]
 [102 398]]
