[[ 82  13]
 [  4 515]]
[[ 86   9]
 [  8 511]]
[[ 83  12]
 [  6 513]]
[[ 85  10]
 [  9 510]]
[[ 85  10]
 [  9 510]]
[[ 82  13]
 [  9 510]]
[[ 83  12]
 [ 12 507]]
[[ 76  19]
 [  7 512]]
[[ 74  21]
 [  6 513]]
[[ 75  20]
 [  7 512]]
[[ 74  21]
 [  8 511]]
[[ 71  24]
 [  6 513]]
[[ 70  25]
 [  5 514]]
[[ 67  28]
 [  3 516]]
[[ 93   2]
 [ 29 490]]
[[ 74  21]
 [ 11 508]]
[[ 92   3]
 [ 30 489]]
[[ 84  11]
 [ 23 496]]
[[ 91   4]
 [ 37 482]]
[[ 55  40]
 [  5 514]]
[[ 86   9]
 [ 36 483]]
[[ 53  42]
 [  4 515]]
[[ 49  46]
 [  4 515]]
[[ 41  54]
 [  4 515]]
[[ 91   4]
 [ 61 458]]
