0.714935860568628
0.714935860568628
0.714935860568628
0.714935860568628
0.714935860568628
0.714935860568628
0.714935860568628
0.714935860568628
0.714935860568628
0.714935860568628
0.714935860568628
0.714935860568628
0.714935860568628
0.714935860568628
0.714935860568628
0.714935860568628
0.714935860568628
0.714935860568628
0.714935860568628
0.714935860568628
0.714935860568628
0.714935860568628
0.714935860568628
0.714935860568628
0.714935860568628
0.714935860568628
0.714935860568628
0.714935860568628
0.714935860568628
0.714935860568628
0.714935860568628
