[[ 57  38]
 [ 22 497]]
[[ 57  38]
 [ 22 497]]
[[ 57  38]
 [ 22 497]]
[[ 57  38]
 [ 22 497]]
[[ 57  38]
 [ 22 497]]
[[ 56  39]
 [ 27 492]]
[[ 59  36]
 [ 30 489]]
[[ 55  40]
 [ 30 489]]
[[ 55  40]
 [ 30 489]]
[[ 51  44]
 [ 27 492]]
[[ 49  46]
 [ 27 492]]
[[ 44  51]
 [ 25 494]]
[[ 42  53]
 [ 24 495]]
[[ 52  43]
 [ 35 484]]
[[ 52  43]
 [ 35 484]]
[[ 47  48]
 [ 30 489]]
[[ 32  63]
 [ 15 504]]
[[ 47  48]
 [ 31 488]]
[[ 37  58]
 [ 22 497]]
[[ 21  74]
 [ 15 504]]
[[ 19  76]
 [ 13 506]]
[[ 15  80]
 [ 14 505]]
[[ 16  79]
 [ 15 504]]
[[ 10  85]
 [ 17 502]]
[[ 10  85]
 [ 17 502]]
