[[ 52  43]
 [  8 511]]
[[ 47  48]
 [  5 514]]
[[ 44  51]
 [  3 516]]
[[ 51  44]
 [ 11 508]]
[[ 51  44]
 [ 11 508]]
[[ 49  46]
 [  9 510]]
[[ 50  45]
 [ 10 509]]
[[ 44  51]
 [  5 514]]
[[ 43  52]
 [  9 510]]
[[ 35  60]
 [  3 516]]
[[ 32  63]
 [  2 517]]
[[ 54  41]
 [ 25 494]]
[[ 37  58]
 [  9 510]]
[[ 50  45]
 [ 22 497]]
[[ 45  50]
 [ 17 502]]
[[ 53  42]
 [ 25 494]]
[[ 46  49]
 [ 20 499]]
[[ 30  65]
 [  6 513]]
[[ 30  65]
 [  7 512]]
[[ 35  60]
 [ 12 507]]
[[ 33  62]
 [ 13 506]]
[[ 21  74]
 [  2 517]]
[[ 23  72]
 [  4 515]]
[[ 24  71]
 [  8 511]]
[[ 19  76]
 [  6 513]]
