[[ 13  27]
 [ 11 149]]
[[ 18  22]
 [ 28 132]]
[[ 18  22]
 [ 28 132]]
[[ 12  28]
 [ 14 146]]
[[ 16  24]
 [ 27 133]]
[[  9  31]
 [  6 154]]
[[  9  31]
 [  6 154]]
[[  9  31]
 [ 10 150]]
[[  8  32]
 [ 13 147]]
[[  8  32]
 [ 13 147]]
[[  8  32]
 [ 13 147]]
[[  6  34]
 [  5 155]]
[[  7  33]
 [ 11 149]]
[[  6  34]
 [  8 152]]
[[  5  35]
 [  4 156]]
[[  5  35]
 [  4 156]]
[[  4  36]
 [  1 159]]
[[  8  32]
 [ 23 137]]
[[  4  36]
 [  4 156]]
[[  4  36]
 [  4 156]]
[[  4  36]
 [  4 156]]
[[  5  35]
 [ 10 150]]
[[  4  36]
 [  7 153]]
[[  3  37]
 [  5 155]]
[[  3  37]
 [  6 154]]
