[[ 58  37]
 [ 25 494]]
[[ 63  32]
 [ 30 489]]
[[ 61  34]
 [ 28 491]]
[[ 59  36]
 [ 26 493]]
[[ 63  32]
 [ 31 488]]
[[ 60  35]
 [ 28 491]]
[[ 56  39]
 [ 27 492]]
[[ 51  44]
 [ 22 497]]
[[ 61  34]
 [ 33 486]]
[[ 58  37]
 [ 31 488]]
[[ 58  37]
 [ 32 487]]
[[ 50  45]
 [ 24 495]]
[[ 58  37]
 [ 33 486]]
[[ 59  36]
 [ 34 485]]
[[ 43  52]
 [ 22 497]]
[[ 35  60]
 [ 16 503]]
[[ 45  50]
 [ 27 492]]
[[ 36  59]
 [ 20 499]]
[[ 32  63]
 [ 17 502]]
[[ 35  60]
 [ 21 498]]
[[ 32  63]
 [ 19 500]]
[[ 27  68]
 [ 15 504]]
[[ 29  66]
 [ 17 502]]
[[ 37  58]
 [ 26 493]]
[[ 32  63]
 [ 23 496]]
