[[ 52  43]
 [  8 511]]
[[ 47  48]
 [  5 514]]
[[ 44  51]
 [  3 516]]
[[ 51  44]
 [ 11 508]]
[[ 51  44]
 [ 11 508]]
[[ 49  46]
 [ 13 506]]
[[ 33  62]
 [  3 516]]
[[ 31  64]
 [  1 518]]
[[ 26  69]
 [  2 517]]
[[ 37  58]
 [ 18 501]]
[[ 27  68]
 [ 10 509]]
[[ 36  59]
 [ 20 499]]
[[ 31  64]
 [ 15 504]]
[[ 35  60]
 [ 20 499]]
[[ 32  63]
 [ 18 501]]
[[ 34  61]
 [ 21 498]]
[[ 27  68]
 [ 14 505]]
[[ 25  70]
 [ 14 505]]
[[ 30  65]
 [ 19 500]]
[[ 34  61]
 [ 25 494]]
[[ 27  68]
 [ 19 500]]
[[ 26  69]
 [ 21 498]]
[[ 12  83]
 [ 11 508]]
[[ 34  61]
 [ 43 476]]
[[ 43  52]
 [ 56 463]]
