0.7266929851199515
0.7266929851199515
0.7266929851199515
0.7266929851199515
0.7266929851199515
0.7266929851199515
0.7266929851199515
0.7266929851199515
0.7266929851199515
0.7266929851199515
0.7266929851199515
0.7266929851199515
0.7266929851199515
0.7266929851199515
0.7266929851199515
0.7266929851199515
0.7266929851199515
0.7266929851199515
0.7266929851199515
0.7266929851199515
0.7266929851199515
0.7266929851199515
0.7266929851199515
0.7266929851199515
0.7266929851199515
0.7266929851199515
0.7266929851199515
0.7266929851199515
0.7266929851199515
0.7266929851199515
0.7266929851199515
