[[323 177]
 [107 393]]
[[323 177]
 [107 393]]
[[323 177]
 [107 393]]
[[323 177]
 [107 393]]
[[323 177]
 [107 393]]
[[323 177]
 [107 393]]
[[323 177]
 [107 393]]
[[323 177]
 [107 393]]
[[346 154]
 [133 367]]
[[332 168]
 [125 375]]
[[323 177]
 [136 364]]
[[323 177]
 [136 364]]
[[318 182]
 [142 358]]
[[318 182]
 [142 358]]
[[249 251]
 [ 67 433]]
[[225 275]
 [ 50 450]]
[[225 275]
 [ 50 450]]
[[240 260]
 [ 71 429]]
[[271 229]
 [110 390]]
[[226 274]
 [ 65 435]]
[[199 301]
 [ 48 452]]
[[193 307]
 [ 55 445]]
[[162 338]
 [ 34 466]]
[[154 346]
 [ 37 463]]
[[154 346]
 [ 37 463]]
