[[ 84  25]
 [ 12 586]]
[[ 72  37]
 [  6 592]]
[[ 90  19]
 [ 25 573]]
[[ 74  35]
 [  9 589]]
[[ 74  35]
 [  9 589]]
[[ 82  27]
 [ 20 578]]
[[ 72  37]
 [ 14 584]]
[[ 79  30]
 [ 21 577]]
[[ 77  32]
 [ 20 578]]
[[ 96  13]
 [ 43 555]]
[[ 77  32]
 [ 25 573]]
[[ 48  61]
 [  8 590]]
[[ 42  67]
 [  8 590]]
[[ 46  63]
 [ 12 586]]
[[ 36  73]
 [  8 590]]
[[ 35  74]
 [  9 589]]
[[ 31  78]
 [  8 590]]
[[ 53  56]
 [ 33 565]]
[[ 23  86]
 [  9 589]]
[[ 14  95]
 [  2 596]]
[[ 12  97]
 [  0 598]]
[[ 12  97]
 [  2 596]]
[[ 26  83]
 [ 22 576]]
[[  8 101]
 [  6 592]]
[[ 60  49]
 [ 99 499]]
