[[ 13  27]
 [ 11 149]]
[[ 18  22]
 [ 28 132]]
[[ 18  22]
 [ 28 132]]
[[ 12  28]
 [ 14 146]]
[[ 14  26]
 [ 20 140]]
[[ 12  28]
 [ 15 145]]
[[ 11  29]
 [ 14 146]]
[[ 11  29]
 [ 15 145]]
[[ 14  26]
 [ 25 135]]
[[ 11  29]
 [ 17 143]]
[[ 11  29]
 [ 17 143]]
[[ 10  30]
 [ 15 145]]
[[  8  32]
 [ 10 150]]
[[  9  31]
 [ 15 145]]
[[  7  33]
 [  7 153]]
[[  8  32]
 [ 14 146]]
[[  8  32]
 [ 14 146]]
[[  7  33]
 [ 10 150]]
[[  6  34]
 [  8 152]]
[[  6  34]
 [ 10 150]]
[[  5  35]
 [  8 152]]
[[  4  36]
 [  6 154]]
[[  4  36]
 [  7 153]]
[[  3  37]
 [  4 156]]
[[  3  37]
 [  4 156]]
