[[210  27]
 [202  35]]
[[224  13]
 [208  29]]
[[211  26]
 [204  33]]
[[215  22]
 [206  31]]
[[207  30]
 [203  34]]
[[217  20]
 [207  30]]
[[214  23]
 [206  31]]
[[215  22]
 [208  29]]
[[222  15]
 [211  26]]
[[220  17]
 [212  25]]
[[225  12]
 [214  23]]
[[212  25]
 [210  27]]
[[214  23]
 [212  25]]
[[216  21]
 [213  24]]
[[215  22]
 [213  24]]
[[214  23]
 [215  22]]
[[210  27]
 [214  23]]
[[205  32]
 [213  24]]
[[216  21]
 [217  20]]
[[214  23]
 [217  20]]
[[204  33]
 [214  23]]
[[200  37]
 [214  23]]
[[217  20]
 [222  15]]
[[209  28]
 [220  17]]
[[215  22]
 [223  14]]
