[[109   0]
 [ 28 570]]
[[109   0]
 [ 29 569]]
[[109   0]
 [ 30 568]]
[[109   0]
 [ 30 568]]
[[109   0]
 [ 31 567]]
[[109   0]
 [ 31 567]]
[[109   0]
 [ 31 567]]
[[109   0]
 [ 31 567]]
[[109   0]
 [ 31 567]]
[[109   0]
 [ 32 566]]
[[109   0]
 [ 33 565]]
[[109   0]
 [ 35 563]]
[[109   0]
 [ 35 563]]
[[109   0]
 [ 36 562]]
[[109   0]
 [ 36 562]]
[[109   0]
 [ 36 562]]
[[108   1]
 [ 86 512]]
[[108   1]
 [137 461]]
[[109   0]
 [258 340]]
[[109   0]
 [259 339]]
[[109   0]
 [279 319]]
[[109   0]
 [288 310]]
[[109   0]
 [292 306]]
[[109   0]
 [317 281]]
[[109   0]
 [345 253]]
