[[ 50  45]
 [ 17 502]]
[[ 49  46]
 [ 17 502]]
[[ 48  47]
 [ 17 502]]
[[ 49  46]
 [ 18 501]]
[[ 46  49]
 [ 16 503]]
[[ 47  48]
 [ 17 502]]
[[ 46  49]
 [ 16 503]]
[[ 47  48]
 [ 18 501]]
[[ 46  49]
 [ 23 496]]
[[ 41  54]
 [ 19 500]]
[[ 32  63]
 [ 19 500]]
[[ 25  70]
 [ 13 506]]
[[ 23  72]
 [ 12 507]]
[[ 19  76]
 [ 19 500]]
[[ 16  79]
 [ 17 502]]
[[ 20  75]
 [ 21 498]]
[[ 16  79]
 [ 18 501]]
[[ 12  83]
 [ 15 504]]
[[ 15  80]
 [ 23 496]]
[[  8  87]
 [ 18 501]]
[[  5  90]
 [ 18 501]]
[[  5  90]
 [ 20 499]]
[[ 10  85]
 [ 25 494]]
[[ 15  80]
 [ 30 489]]
[[ 14  81]
 [ 31 488]]
