0.6488137321943925
0.6488137321943925
0.666999666999667
0.666999666999667
0.666999666999667
0.666999666999667
0.6718267469615925
0.6819196428571428
0.6848940894022713
0.6848940894022713
0.6983779436078467
0.6983779436078467
0.6983779436078467
0.7024870743448031
0.7024870743448031
0.7024870743448031
0.7024870743448031
0.7033312382149592
0.7033312382149592
0.7033312382149592
0.7033312382149592
0.7033312382149592
0.7033312382149592
0.7033312382149592
0.7033312382149592
0.7033312382149592
0.7033312382149592
0.7033312382149592
