[[ 79  30]
 [ 67 531]]
[[ 74  35]
 [ 62 536]]
[[ 74  35]
 [ 62 536]]
[[ 74  35]
 [ 62 536]]
[[ 74  35]
 [ 62 536]]
[[ 77  32]
 [ 73 525]]
[[ 77  32]
 [ 73 525]]
[[ 88  21]
 [ 94 504]]
[[ 78  31]
 [ 87 511]]
[[ 87  22]
 [100 498]]
[[ 74  35]
 [ 89 509]]
[[ 74  35]
 [ 89 509]]
[[ 60  49]
 [ 84 514]]
[[ 60  49]
 [ 84 514]]
[[ 56  53]
 [ 85 513]]
[[ 60  49]
 [ 91 507]]
[[ 88  21]
 [121 477]]
[[ 62  47]
 [ 96 502]]
[[ 58  51]
 [ 93 505]]
[[ 56  53]
 [118 480]]
[[ 58  51]
 [126 472]]
[[ 53  56]
 [125 473]]
[[ 53  56]
 [125 473]]
[[ 56  53]
 [137 461]]
[[ 58  51]
 [145 453]]
