[[125 175]
 [ 27 273]]
[[113 187]
 [ 22 278]]
[[116 184]
 [ 29 271]]
[[120 180]
 [ 40 260]]
[[105 195]
 [ 18 282]]
[[111 189]
 [ 28 272]]
[[111 189]
 [ 28 272]]
[[111 189]
 [ 28 272]]
[[108 192]
 [ 30 270]]
[[ 99 201]
 [ 17 283]]
[[103 197]
 [ 25 275]]
[[ 97 203]
 [ 18 282]]
[[103 197]
 [ 29 271]]
[[100 200]
 [ 26 274]]
[[ 81 219]
 [ 11 289]]
[[ 81 219]
 [ 11 289]]
[[ 80 220]
 [ 10 290]]
[[ 81 219]
 [ 15 285]]
[[ 71 229]
 [  9 291]]
[[ 60 240]
 [ 12 288]]
[[ 56 244]
 [  7 293]]
[[ 50 250]
 [  5 295]]
[[ 47 253]
 [  3 297]]
[[ 33 267]
 [  2 298]]
[[ 29 271]
 [  1 299]]
