0.7685185185185185
0.7521367521367521
0.75
0.7433628318584071
0.7426160337552743
0.7400881057268722
0.7400881057268722
0.7397260273972602
0.7323943661971831
0.7272727272727273
0.7246376811594203
0.7129629629629629
0.7115384615384616
0.7090909090909091
0.7076923076923077
0.7069767441860465
0.7
0.7
0.6964285714285714
0.6919431279620853
0.6896551724137931
0.6871794871794872
0.6834170854271356
0.6818181818181818
0.68
0.6787330316742082
0.6770833333333334
0.6767676767676768
0.6763285024154589
0.6757990867579908
0.6593406593406593
0.6536585365853659
0.6292134831460674
0.5930232558139535
0.5903614457831325
