[[130  20]
 [ 56  94]]
[[130  20]
 [ 56  94]]
[[139  11]
 [ 68  82]]
[[139  11]
 [ 68  82]]
[[126  24]
 [ 57  93]]
[[139  11]
 [ 70  80]]
[[126  24]
 [ 60  90]]
[[131  19]
 [ 68  82]]
[[111  39]
 [ 51  99]]
[[143   7]
 [ 79  71]]
[[125  25]
 [ 68  82]]
[[136  14]
 [ 77  73]]
[[141   9]
 [ 82  68]]
[[139  11]
 [ 81  69]]
[[146   4]
 [ 90  60]]
[[145   5]
 [ 91  59]]
[[135  15]
 [ 87  63]]
[[145   5]
 [ 94  56]]
[[146   4]
 [ 98  52]]
[[144   6]
 [ 97  53]]
[[145   5]
 [ 98  52]]
[[144   6]
 [ 99  51]]
[[136  14]
 [ 98  52]]
[[146   4]
 [106  44]]
[[146   4]
 [115  35]]
