[[ 59  36]
 [ 25 494]]
[[ 58  37]
 [ 25 494]]
[[ 63  32]
 [ 30 489]]
[[ 61  34]
 [ 28 491]]
[[ 59  36]
 [ 26 493]]
[[ 63  32]
 [ 31 488]]
[[ 60  35]
 [ 30 489]]
[[ 56  39]
 [ 26 493]]
[[ 59  36]
 [ 29 490]]
[[ 56  39]
 [ 27 492]]
[[ 55  40]
 [ 26 493]]
[[ 56  39]
 [ 27 492]]
[[ 57  38]
 [ 29 490]]
[[ 53  42]
 [ 25 494]]
[[ 59  36]
 [ 31 488]]
[[ 57  38]
 [ 29 490]]
[[ 54  41]
 [ 28 491]]
[[ 54  41]
 [ 32 487]]
[[ 43  52]
 [ 22 497]]
[[ 40  55]
 [ 20 499]]
[[ 65  30]
 [ 46 473]]
[[ 64  31]
 [ 45 474]]
[[ 28  67]
 [ 16 503]]
[[ 63  32]
 [ 54 465]]
[[ 62  33]
 [ 53 466]]
