[[ 88   7]
 [184 335]]
[[ 83  12]
 [155 364]]
[[ 94   1]
 [278 241]]
[[ 93   2]
 [260 259]]
[[ 85  10]
 [186 333]]
[[ 94   1]
 [242 277]]
[[ 86   9]
 [198 321]]
[[ 93   2]
 [284 235]]
[[ 92   3]
 [277 242]]
[[ 79  16]
 [101 418]]
[[ 90   5]
 [199 320]]
[[ 94   1]
 [314 205]]
[[ 86   9]
 [228 291]]
[[ 85  10]
 [164 355]]
[[ 84  11]
 [176 343]]
[[ 93   2]
 [272 247]]
[[ 92   3]
 [189 330]]
[[ 92   3]
 [244 275]]
[[ 83  12]
 [120 399]]
[[ 85  10]
 [163 356]]
[[ 92   3]
 [172 347]]
[[ 93   2]
 [285 234]]
[[ 93   2]
 [247 272]]
[[ 93   2]
 [319 200]]
[[ 84  11]
 [151 368]]
