[[109   0]
 [ 67 531]]
[[109   0]
 [ 68 530]]
[[109   0]
 [ 69 529]]
[[109   0]
 [ 69 529]]
[[109   0]
 [ 69 529]]
[[109   0]
 [ 70 528]]
[[109   0]
 [ 70 528]]
[[109   0]
 [ 73 525]]
[[109   0]
 [ 77 521]]
[[109   0]
 [102 496]]
[[109   0]
 [125 473]]
[[109   0]
 [127 471]]
[[109   0]
 [140 458]]
[[109   0]
 [149 449]]
[[109   0]
 [158 440]]
[[109   0]
 [158 440]]
[[109   0]
 [162 436]]
[[109   0]
 [180 418]]
[[109   0]
 [181 417]]
[[109   0]
 [222 376]]
[[109   0]
 [228 370]]
[[109   0]
 [238 360]]
[[109   0]
 [238 360]]
[[109   0]
 [242 356]]
[[109   0]
 [261 337]]
