[[ 17  83]
 [  0 100]]
[[ 14  86]
 [  0 100]]
[[14 86]
 [ 1 99]]
[[11 89]
 [ 1 99]]
[[  1  99]
 [  0 100]]
[[  1  99]
 [  0 100]]
[[  1  99]
 [  0 100]]
[[  1  99]
 [  0 100]]
[[  1  99]
 [  0 100]]
[[  0 100]
 [  0 100]]
[[  0 100]
 [  0 100]]
[[  0 100]
 [  0 100]]
[[  0 100]
 [  0 100]]
[[  0 100]
 [  0 100]]
[[  0 100]
 [  0 100]]
[[  0 100]
 [  0 100]]
[[  0 100]
 [  0 100]]
[[  0 100]
 [  0 100]]
[[  0 100]
 [  0 100]]
[[  0 100]
 [  0 100]]
[[  0 100]
 [  0 100]]
[[  0 100]
 [  0 100]]
[[  0 100]
 [  0 100]]
[[  0 100]
 [  0 100]]
[[  0 100]
 [  0 100]]
