[[ 13  27]
 [ 11 149]]
[[ 18  22]
 [ 28 132]]
[[ 18  22]
 [ 28 132]]
[[ 12  28]
 [ 14 146]]
[[ 12  28]
 [ 15 145]]
[[ 16  24]
 [ 27 133]]
[[ 10  30]
 [ 11 149]]
[[ 10  30]
 [ 11 149]]
[[ 12  28]
 [ 18 142]]
[[ 14  26]
 [ 25 135]]
[[ 15  25]
 [ 29 131]]
[[  9  31]
 [ 10 150]]
[[  9  31]
 [ 10 150]]
[[  9  31]
 [ 10 150]]
[[  9  31]
 [ 10 150]]
[[  9  31]
 [ 11 149]]
[[ 10  30]
 [ 15 145]]
[[ 12  28]
 [ 22 138]]
[[  8  32]
 [ 10 150]]
[[  8  32]
 [ 10 150]]
[[  8  32]
 [ 12 148]]
[[ 11  29]
 [ 24 136]]
[[  9  31]
 [ 19 141]]
[[  7  33]
 [ 11 149]]
[[  7  33]
 [ 14 146]]
