[[ 78  31]
 [ 67 531]]
[[ 77  32]
 [ 70 528]]
[[ 78  31]
 [ 77 521]]
[[ 66  43]
 [ 69 529]]
[[ 57  52]
 [ 64 534]]
[[ 65  44]
 [ 83 515]]
[[ 72  37]
 [ 91 507]]
[[ 90  19]
 [109 489]]
[[ 72  37]
 [ 91 507]]
[[ 48  61]
 [ 68 530]]
[[ 46  63]
 [ 69 529]]
[[ 40  69]
 [ 63 535]]
[[ 91  18]
 [116 482]]
[[ 91  18]
 [116 482]]
[[ 41  68]
 [ 69 529]]
[[ 66  43]
 [ 97 501]]
[[ 67  42]
 [100 498]]
[[ 47  62]
 [ 83 515]]
[[ 46  63]
 [ 92 506]]
[[ 50  59]
 [ 98 500]]
[[ 58  51]
 [111 487]]
[[ 37  72]
 [ 95 503]]
[[ 60  49]
 [124 474]]
[[ 67  42]
 [135 463]]
[[ 76  33]
 [158 440]]
