0.7092731829573935
0.7092731829573935
0.7092731829573935
0.7092731829573935
0.7092731829573935
0.7092731829573935
0.7092731829573935
0.7092731829573935
0.7092731829573935
0.7092731829573935
0.7092731829573935
0.7092731829573935
0.7092731829573935
0.7092731829573935
0.7092731829573935
0.7092731829573935
0.7092731829573935
0.7092731829573935
0.7092731829573935
0.7092731829573935
0.7092731829573935
0.7092731829573935
0.7092731829573935
0.7092731829573935
0.7092731829573935
0.7092731829573935
0.7092731829573935
0.7092731829573935
0.7092731829573935
0.7092731829573935
0.7092731829573935
