[[104  46]
 [ 39 111]]
[[111  39]
 [ 46 104]]
[[ 91  59]
 [ 25 125]]
[[ 91  59]
 [ 25 125]]
[[100  50]
 [ 40 110]]
[[ 96  54]
 [ 36 114]]
[[ 96  54]
 [ 37 113]]
[[ 93  57]
 [ 34 116]]
[[ 98  52]
 [ 40 110]]
[[ 97  53]
 [ 39 111]]
[[ 97  53]
 [ 39 111]]
[[ 96  54]
 [ 40 110]]
[[ 91  59]
 [ 35 115]]
[[ 91  59]
 [ 35 115]]
[[125  25]
 [ 69  81]]
[[ 88  62]
 [ 34 116]]
[[ 96  54]
 [ 43 107]]
[[118  32]
 [ 65  85]]
[[113  37]
 [ 61  89]]
[[119  31]
 [ 67  83]]
[[ 85  65]
 [ 34 116]]
[[119  31]
 [ 68  82]]
[[ 87  63]
 [ 37 113]]
[[ 87  63]
 [ 37 113]]
[[122  28]
 [ 73  77]]
