[[ 82  13]
 [  4 515]]
[[ 86   9]
 [  8 511]]
[[ 83  12]
 [  6 513]]
[[ 85  10]
 [  9 510]]
[[ 85  10]
 [  9 510]]
[[ 82  13]
 [  6 513]]
[[ 83  12]
 [  8 511]]
[[ 86   9]
 [ 11 508]]
[[ 83  12]
 [  9 510]]
[[ 84  11]
 [ 10 509]]
[[ 81  14]
 [  8 511]]
[[ 76  19]
 [  3 516]]
[[ 86   9]
 [ 15 504]]
[[ 80  15]
 [  9 510]]
[[ 78  17]
 [  8 511]]
[[ 78  17]
 [  8 511]]
[[ 74  21]
 [  5 514]]
[[ 71  24]
 [  2 517]]
[[ 74  21]
 [  5 514]]
[[ 84  11]
 [ 16 503]]
[[ 83  12]
 [ 17 502]]
[[ 59  36]
 [  5 514]]
[[ 88   7]
 [138 381]]
[[ 69  26]
 [137 382]]
[[ 84  11]
 [277 242]]
