0.7064480210547626
0.719551282051282
0.719551282051282
0.719551282051282
0.719551282051282
0.719551282051282
0.719551282051282
0.719551282051282
0.719551282051282
0.719551282051282
0.719551282051282
0.719551282051282
0.719551282051282
0.719551282051282
0.719551282051282
0.719551282051282
0.719551282051282
0.719551282051282
0.719551282051282
0.719551282051282
0.719551282051282
0.719551282051282
0.719551282051282
0.719551282051282
0.719551282051282
0.719551282051282
0.719551282051282
0.719551282051282
0.719551282051282
0.719551282051282
0.719551282051282
0.719551282051282
