[[234  66]
 [111 189]]
[[234  66]
 [111 189]]
[[227  73]
 [105 195]]
[[229  71]
 [107 193]]
[[229  71]
 [107 193]]
[[233  67]
 [115 185]]
[[206  94]
 [ 90 210]]
[[223  77]
 [107 193]]
[[223  77]
 [107 193]]
[[231  69]
 [118 182]]
[[239  61]
 [132 168]]
[[239  61]
 [132 168]]
[[232  68]
 [126 174]]
[[156 144]
 [ 54 246]]
[[151 149]
 [ 54 246]]
[[185 115]
 [ 95 205]]
[[165 135]
 [ 77 223]]
[[179 121]
 [ 97 203]]
[[191 109]
 [110 190]]
[[159 141]
 [ 78 222]]
[[137 163]
 [ 51 249]]
[[178 122]
 [101 199]]
[[150 150]
 [ 83 217]]
[[122 178]
 [ 61 239]]
[[ 84 216]
 [ 37 263]]
