[[169 131]
 [ 55 245]]
[[169 131]
 [ 55 245]]
[[161 139]
 [ 52 248]]
[[155 145]
 [ 47 253]]
[[160 140]
 [ 60 240]]
[[160 140]
 [ 60 240]]
[[160 140]
 [ 60 240]]
[[146 154]
 [ 43 257]]
[[146 154]
 [ 43 257]]
[[141 159]
 [ 42 258]]
[[148 152]
 [ 52 248]]
[[136 164]
 [ 39 261]]
[[145 155]
 [ 60 240]]
[[130 170]
 [ 42 258]]
[[130 170]
 [ 42 258]]
[[124 176]
 [ 35 265]]
[[104 196]
 [ 19 281]]
[[104 196]
 [ 19 281]]
[[104 196]
 [ 25 275]]
[[ 95 205]
 [ 23 277]]
[[ 77 223]
 [ 14 286]]
[[ 81 219]
 [ 25 275]]
[[ 78 222]
 [ 23 277]]
[[ 77 223]
 [ 22 278]]
[[ 77 223]
 [ 22 278]]
