0.7033312382149592
0.7033312382149592
0.7033312382149592
0.7033312382149592
0.7033312382149592
0.7033312382149592
0.7033312382149592
0.7033312382149592
0.7033312382149592
0.7033312382149592
0.7033312382149592
0.7199719971997199
0.7199719971997199
0.7199719971997199
0.7199719971997199
0.7199719971997199
0.7199719971997199
0.7199719971997199
0.7199719971997199
0.7199719971997199
0.7199719971997199
0.7199719971997199
0.7199719971997199
0.7199719971997199
0.7199719971997199
0.7199719971997199
0.7199719971997199
0.7199719971997199
0.7199719971997199
0.7199719971997199
0.7199719971997199
0.7199719971997199
0.7199719971997199
0.7199719971997199
0.7199719971997199
0.7199719971997199
0.7199719971997199
0.7248280175109443
0.7248280175109443
0.7248280175109443
0.7248280175109443
0.7248280175109443
0.7248280175109443
0.7248280175109443
0.7248280175109443
0.7248280175109443
0.7248280175109443
0.7248280175109443
0.7248280175109443
0.7248280175109443
0.7248280175109443
0.7248280175109443
0.7248280175109443
0.7248280175109443
0.7248280175109443
0.7248280175109443
0.7248280175109443
0.7248280175109443
0.7248280175109443
0.7248280175109443
0.7248280175109443
0.7248280175109443
0.7248280175109443
0.7248280175109443
0.7248280175109443
0.7248280175109443
0.7248280175109443
0.7248280175109443
