[[136  64]
 [ 36 164]]
[[154  46]
 [ 55 145]]
[[154  46]
 [ 55 145]]
[[136  64]
 [ 37 163]]
[[156  44]
 [ 58 142]]
[[156  44]
 [ 58 142]]
[[147  53]
 [ 51 149]]
[[166  34]
 [ 74 126]]
[[136  64]
 [ 46 154]]
[[147  53]
 [ 59 141]]
[[124  76]
 [ 35 165]]
[[136  64]
 [ 48 152]]
[[164  36]
 [ 77 123]]
[[122  78]
 [ 35 165]]
[[157  43]
 [ 71 129]]
[[119  81]
 [ 35 165]]
[[107  93]
 [ 24 176]]
[[156  44]
 [ 77 123]]
[[156  44]
 [ 77 123]]
[[107  93]
 [ 32 168]]
[[166  34]
 [ 95 105]]
[[113  87]
 [ 48 152]]
[[168  32]
 [101  99]]
[[ 90 110]
 [ 23 177]]
[[ 82 118]
 [ 26 174]]
