[[108  42]
 [ 41 109]]
[[105  45]
 [ 38 112]]
[[107  43]
 [ 41 109]]
[[ 92  58]
 [ 25 125]]
[[102  48]
 [ 36 114]]
[[101  49]
 [ 37 113]]
[[105  45]
 [ 44 106]]
[[106  44]
 [ 45 105]]
[[112  38]
 [ 54  96]]
[[ 98  52]
 [ 41 109]]
[[ 93  57]
 [ 36 114]]
[[100  50]
 [ 44 106]]
[[ 94  56]
 [ 40 110]]
[[123  27]
 [ 70  80]]
[[111  39]
 [ 60  90]]
[[111  39]
 [ 60  90]]
[[111  39]
 [ 60  90]]
[[ 84  66]
 [ 34 116]]
[[124  26]
 [ 74  76]]
[[ 88  62]
 [ 41 109]]
[[ 74  76]
 [ 26 124]]
[[126  24]
 [ 82  68]]
[[ 72  78]
 [ 31 119]]
[[124  26]
 [ 82  68]]
[[128  22]
 [ 86  64]]
