[[100  50]
 [ 32 118]]
[[101  49]
 [ 36 114]]
[[101  49]
 [ 36 114]]
[[110  40]
 [ 47 103]]
[[ 92  58]
 [ 30 120]]
[[105  45]
 [ 44 106]]
[[112  38]
 [ 51  99]]
[[ 83  67]
 [ 21 129]]
[[115  35]
 [ 55  95]]
[[102  48]
 [ 43 107]]
[[111  39]
 [ 52  98]]
[[117  33]
 [ 59  91]]
[[ 85  65]
 [ 28 122]]
[[110  40]
 [ 55  95]]
[[127  23]
 [ 72  78]]
[[115  35]
 [ 66  84]]
[[110  40]
 [ 62  88]]
[[101  49]
 [ 54  96]]
[[125  25]
 [ 76  74]]
[[111  39]
 [ 69  81]]
[[122  28]
 [ 80  70]]
[[123  27]
 [ 81  69]]
[[124  26]
 [ 84  66]]
[[ 77  73]
 [ 41 109]]
[[132  18]
 [ 94  56]]
