[[109   0]
 [ 77 521]]
[[109   0]
 [ 77 521]]
[[109   0]
 [ 77 521]]
[[109   0]
 [ 77 521]]
[[109   0]
 [ 77 521]]
[[109   0]
 [ 78 520]]
[[109   0]
 [ 81 517]]
[[109   0]
 [ 81 517]]
[[109   0]
 [ 83 515]]
[[109   0]
 [ 90 508]]
[[109   0]
 [ 91 507]]
[[109   0]
 [ 91 507]]
[[109   0]
 [ 91 507]]
[[109   0]
 [ 92 506]]
[[109   0]
 [ 98 500]]
[[109   0]
 [100 498]]
[[109   0]
 [102 496]]
[[109   0]
 [104 494]]
[[109   0]
 [105 493]]
[[109   0]
 [107 491]]
[[109   0]
 [109 489]]
[[108   1]
 [114 484]]
[[109   0]
 [116 482]]
[[109   0]
 [117 481]]
[[109   0]
 [156 442]]
