[[ 13  27]
 [ 11 149]]
[[ 12  28]
 [ 14 146]]
[[ 16  24]
 [ 27 133]]
[[  9  31]
 [  6 154]]
[[ 10  30]
 [ 10 150]]
[[ 18  22]
 [ 34 126]]
[[ 10  30]
 [ 11 149]]
[[ 10  30]
 [ 11 149]]
[[ 10  30]
 [ 15 145]]
[[  9  31]
 [ 12 148]]
[[  7  33]
 [  7 153]]
[[ 11  29]
 [ 23 137]]
[[  6  34]
 [  6 154]]
[[  8  32]
 [ 17 143]]
[[  5  35]
 [  5 155]]
[[  4  36]
 [  1 159]]
[[  4  36]
 [  3 157]]
[[  4  36]
 [  3 157]]
[[  4  36]
 [  7 153]]
[[  3  37]
 [  2 158]]
[[  3  37]
 [  3 157]]
[[  3  37]
 [  5 155]]
[[  2  38]
 [  1 159]]
[[  1  39]
 [  0 160]]
[[  1  39]
 [  0 160]]
