[[ 35  24  36]
 [  3 360 156]
 [ 16 180 227]]
[[ 34  33  28]
 [  5 442  72]
 [ 19 260 144]]
[[ 37  30  28]
 [  9 425  85]
 [ 24 242 157]]
[[ 16  29  50]
 [  9 404 106]
 [ 12 213 198]]
[[ 16  29  50]
 [  9 404 106]
 [ 12 213 198]]
[[ 35  31  29]
 [  7 425  87]
 [ 18 249 156]]
[[  1  38  56]
 [  5 446  68]
 [ 13 242 168]]
[[ 34  31  30]
 [  9 422  88]
 [ 20 246 157]]
[[ 15  30  50]
 [ 13 404 102]
 [ 15 221 187]]
[[ 16  29  50]
 [ 12 404 103]
 [ 16 226 181]]
[[ 19  27  49]
 [  9 363 147]
 [ 12 195 216]]
[[ 37  31  27]
 [ 26 386 107]
 [ 40 214 169]]
[[  1  36  58]
 [ 13 436  70]
 [ 19 250 154]]
[[ 32  31  32]
 [ 14 421  84]
 [ 44 246 133]]
[[  3  38  54]
 [  4 424  91]
 [  3 264 156]]
[[  4  36  55]
 [  8 447  64]
 [ 17 278 128]]
[[  4  36  55]
 [  8 447  64]
 [ 17 278 128]]
[[  5  33  57]
 [ 14 393 112]
 [  5 238 180]]
[[ 24  23  48]
 [  8 328 183]
 [ 20 178 225]]
[[ 28  30  37]
 [ 22 362 135]
 [ 32 206 185]]
[[  4  37  54]
 [ 10 401 108]
 [  6 250 167]]
[[  7  33  55]
 [ 17 404  98]
 [  7 255 161]]
[[  5  36  54]
 [  9 439  71]
 [ 31 275 117]]
[[ 39  32  24]
 [ 38 415  66]
 [ 80 253  90]]
[[ 44  33  18]
 [ 48 419  52]
 [ 92 260  71]]
