[[136  64]
 [ 36 164]]
[[154  46]
 [ 55 145]]
[[154  46]
 [ 55 145]]
[[136  64]
 [ 37 163]]
[[156  44]
 [ 58 142]]
[[147  53]
 [ 51 149]]
[[131  69]
 [ 35 165]]
[[146  54]
 [ 56 144]]
[[140  60]
 [ 52 148]]
[[131  69]
 [ 47 153]]
[[116  84]
 [ 33 167]]
[[124  76]
 [ 43 157]]
[[138  62]
 [ 58 142]]
[[151  49]
 [ 74 126]]
[[104  96]
 [ 25 175]]
[[104  96]
 [ 26 174]]
[[ 94 106]
 [ 21 179]]
[[ 94 106]
 [ 21 179]]
[[ 88 112]
 [ 14 186]]
[[ 90 110]
 [ 21 179]]
[[180  20]
 [111  89]]
[[ 70 130]
 [ 14 186]]
[[105  95]
 [ 74 126]]
[[ 57 143]
 [ 13 187]]
[[ 33 167]
 [  3 197]]
