[[109   0]
 [ 98 500]]
[[109   0]
 [122 476]]
[[109   0]
 [169 429]]
[[109   0]
 [177 421]]
[[109   0]
 [201 397]]
[[109   0]
 [207 391]]
[[109   0]
 [208 390]]
[[109   0]
 [214 384]]
[[109   0]
 [220 378]]
[[109   0]
 [233 365]]
[[109   0]
 [241 357]]
[[109   0]
 [251 347]]
[[109   0]
 [262 336]]
[[109   0]
 [273 325]]
[[109   0]
 [281 317]]
[[109   0]
 [282 316]]
[[109   0]
 [284 314]]
[[109   0]
 [298 300]]
[[109   0]
 [302 296]]
[[109   0]
 [305 293]]
[[109   0]
 [316 282]]
[[109   0]
 [324 274]]
[[109   0]
 [328 270]]
[[109   0]
 [353 245]]
[[109   0]
 [391 207]]
