[[108  42]
 [ 41 109]]
[[ 92  58]
 [ 25 125]]
[[100  50]
 [ 38 112]]
[[100  50]
 [ 38 112]]
[[ 99  51]
 [ 37 113]]
[[101  49]
 [ 41 109]]
[[ 99  51]
 [ 39 111]]
[[ 97  53]
 [ 37 113]]
[[119  31]
 [ 59  91]]
[[103  47]
 [ 44 106]]
[[108  42]
 [ 49 101]]
[[ 92  58]
 [ 34 116]]
[[ 97  53]
 [ 40 110]]
[[117  33]
 [ 61  89]]
[[117  33]
 [ 62  88]]
[[ 90  60]
 [ 38 112]]
[[100  50]
 [ 49 101]]
[[111  39]
 [ 60  90]]
[[128  22]
 [ 76  74]]
[[117  33]
 [ 67  83]]
[[ 88  62]
 [ 39 111]]
[[124  26]
 [ 75  75]]
[[123  27]
 [ 76  74]]
[[117  33]
 [ 73  77]]
[[127  23]
 [ 86  64]]
