0.7685185185185185
0.7521367521367521
0.75
0.7433628318584071
0.7426160337552743
0.7397260273972602
0.7272727272727273
0.7192118226600985
0.7169811320754716
0.7149321266968326
0.7115384615384616
0.7102803738317757
0.7087378640776699
0.7081339712918661
0.7069767441860465
0.7
0.6995073891625616
0.6926406926406926
0.6871794871794872
0.6854460093896714
0.6764705882352942
0.6763285024154589
0.6735751295336787
0.663594470046083
0.6633663366336634
0.6632124352331606
0.6600985221674877
0.6555555555555556
0.6494845360824743
0.6483516483516484
0.6442307692307693
0.6395939086294417
0.6354166666666666
0.6310160427807486
0.6298342541436464
