[[ 35  24  36]
 [  3 360 156]
 [ 16 180 227]]
[[ 35  32  28]
 [ 14 420  85]
 [ 22 235 166]]
[[ 34  33  28]
 [  5 442  72]
 [ 19 260 144]]
[[ 33  31  31]
 [  6 434  79]
 [ 18 252 153]]
[[ 37  30  28]
 [  9 425  85]
 [ 24 242 157]]
[[ 36  33  26]
 [  7 445  67]
 [ 37 268 118]]
[[ 22  29  44]
 [ 26 413  80]
 [ 29 233 161]]
[[ 33  33  29]
 [ 12 427  80]
 [ 52 250 121]]
[[ 37  43  15]
 [ 14 483  22]
 [ 55 332  36]]
[[ 30  45  20]
 [ 15 481  23]
 [ 48 337  38]]
[[ 42  45   8]
 [ 22 480  17]
 [ 67 333  23]]
[[ 37  33  25]
 [ 31 408  80]
 [ 63 260 100]]
[[ 46  44   5]
 [ 19 481  19]
 [ 72 336  15]]
[[ 46  45   4]
 [ 25 476  18]
 [ 67 336  20]]
[[ 41  37  17]
 [ 44 437  38]
 [ 97 270  56]]
[[ 46  44   5]
 [ 27 472  20]
 [ 74 336  13]]
[[ 48  46   1]
 [ 31 471  17]
 [101 316   6]]
[[ 50  44   1]
 [ 44 465  10]
 [ 96 326   1]]
[[ 51  43   1]
 [ 53 452  14]
 [100 317   6]]
[[ 58  36   1]
 [ 68 435  16]
 [138 279   6]]
[[ 49  45   1]
 [ 62 441  16]
 [107 310   6]]
[[ 46  29  20]
 [ 83 373  63]
 [117 232  74]]
[[ 53  40   2]
 [ 72 435  12]
 [124 295   4]]
[[ 53  41   1]
 [ 85 418  16]
 [155 262   6]]
[[ 59  35   1]
 [114 389  16]
 [190 227   6]]
