[[ 52  43]
 [  8 511]]
[[ 47  48]
 [  5 514]]
[[ 44  51]
 [  3 516]]
[[ 51  44]
 [ 11 508]]
[[ 51  44]
 [ 11 508]]
[[ 56  39]
 [ 20 499]]
[[ 43  52]
 [  7 512]]
[[ 51  44]
 [ 15 504]]
[[ 56  39]
 [ 21 498]]
[[ 41  54]
 [  7 512]]
[[ 43  52]
 [  9 510]]
[[ 53  42]
 [ 21 498]]
[[ 44  51]
 [ 12 507]]
[[ 50  45]
 [ 20 499]]
[[ 30  65]
 [  2 517]]
[[ 41  54]
 [ 13 506]]
[[ 29  66]
 [  1 518]]
[[ 29  66]
 [  1 518]]
[[ 30  65]
 [  2 517]]
[[ 21  74]
 [  1 518]]
[[ 19  76]
 [  1 518]]
[[ 19  76]
 [  1 518]]
[[ 18  77]
 [  2 517]]
[[ 18  77]
 [  2 517]]
[[ 14  81]
 [  2 517]]
