[[205  32]
 [190  47]]
[[199  38]
 [188  49]]
[[226  11]
 [201  36]]
[[218  19]
 [198  39]]
[[213  24]
 [196  41]]
[[214  23]
 [200  37]]
[[217  20]
 [205  32]]
[[200  37]
 [199  38]]
[[209  28]
 [204  33]]
[[208  29]
 [205  32]]
[[213  24]
 [209  28]]
[[200  37]
 [205  32]]
[[210  27]
 [209  28]]
[[208  29]
 [209  28]]
[[205  32]
 [209  28]]
[[213  24]
 [212  25]]
[[204  33]
 [209  28]]
[[214  23]
 [213  24]]
[[203  34]
 [211  26]]
[[209  28]
 [214  23]]
[[210  27]
 [216  21]]
[[216  21]
 [219  18]]
[[202  35]
 [216  21]]
[[210  27]
 [221  16]]
[[217  20]
 [225  12]]
