0.7098839535814325
0.7098839535814325
0.7098839535814325
0.7098839535814325
0.7098839535814325
0.7098839535814325
0.7098839535814325
0.7098839535814325
0.7098839535814325
0.7098839535814325
0.7098839535814325
0.7098839535814325
0.7098839535814325
0.7098839535814325
0.7098839535814325
0.7098839535814325
0.7098839535814325
0.7098839535814325
0.7098839535814325
0.7098839535814325
0.7098839535814325
0.7098839535814325
0.7098839535814325
0.7098839535814325
0.7098839535814325
0.7098839535814325
0.7098839535814325
0.7098839535814325
0.7098839535814325
0.7098839535814325
0.7098839535814325
