[[131  19]
 [ 40 110]]
[[124  26]
 [ 41 109]]
[[122  28]
 [ 41 109]]
[[125  25]
 [ 44 106]]
[[126  24]
 [ 47 103]]
[[135  15]
 [ 56  94]]
[[115  35]
 [ 39 111]]
[[132  18]
 [ 56  94]]
[[128  22]
 [ 53  97]]
[[128  22]
 [ 53  97]]
[[128  22]
 [ 54  96]]
[[129  21]
 [ 55  95]]
[[112  38]
 [ 39 111]]
[[132  18]
 [ 61  89]]
[[120  30]
 [ 53  97]]
[[137  13]
 [ 70  80]]
[[127  23]
 [ 63  87]]
[[143   7]
 [ 78  72]]
[[137  13]
 [ 74  76]]
[[132  18]
 [ 71  79]]
[[129  21]
 [ 70  80]]
[[133  17]
 [ 74  76]]
[[136  14]
 [ 77  73]]
[[140  10]
 [ 85  65]]
[[109  41]
 [ 60  90]]
