[[ 58  37]
 [ 25 494]]
[[ 63  32]
 [ 30 489]]
[[ 61  34]
 [ 28 491]]
[[ 63  32]
 [ 31 488]]
[[ 60  35]
 [ 28 491]]
[[ 56  39]
 [ 24 495]]
[[ 57  38]
 [ 26 493]]
[[ 56  39]
 [ 26 493]]
[[ 52  43]
 [ 25 494]]
[[ 61  34]
 [ 35 484]]
[[ 52  43]
 [ 27 492]]
[[ 53  42]
 [ 29 490]]
[[ 45  50]
 [ 21 498]]
[[ 66  29]
 [ 43 476]]
[[ 63  32]
 [ 41 478]]
[[ 48  47]
 [ 26 493]]
[[ 43  52]
 [ 24 495]]
[[ 66  29]
 [ 47 472]]
[[ 58  37]
 [ 40 479]]
[[ 40  55]
 [ 22 497]]
[[ 28  67]
 [ 12 507]]
[[ 38  57]
 [ 23 496]]
[[ 28  67]
 [ 15 504]]
[[ 21  74]
 [ 15 504]]
[[ 19  76]
 [ 14 505]]
