0.74235807860262
0.7392996108949417
0.7368421052631579
0.7359307359307359
0.7296137339055794
0.7257383966244726
0.7228915662650602
0.7171314741035857
0.7149321266968326
0.7148936170212766
0.7142857142857143
0.7105263157894737
0.7102803738317757
0.7102803738317757
0.7074235807860262
0.7073170731707317
0.7044534412955465
0.704119850187266
0.7028985507246377
0.6978723404255319
0.6974358974358974
0.6972477064220184
0.6889952153110048
0.6875
0.6851211072664359
0.684931506849315
0.6830985915492958
0.673469387755102
0.6730769230769231
0.6701030927835051
0.6699507389162561
0.6596858638743456
0.6391752577319587
0.5989847715736041
0.5683060109289617
