[[146   4]
 [ 91  59]]
[[137  13]
 [ 86  64]]
[[136  14]
 [ 88  62]]
[[136  14]
 [ 88  62]]
[[140  10]
 [ 91  59]]
[[137  13]
 [ 90  60]]
[[138  12]
 [ 91  59]]
[[143   7]
 [ 95  55]]
[[139  11]
 [ 93  57]]
[[140  10]
 [ 94  56]]
[[143   7]
 [100  50]]
[[128  22]
 [ 91  59]]
[[136  14]
 [101  49]]
[[139  11]
 [104  46]]
[[139  11]
 [104  46]]
[[139  11]
 [104  46]]
[[145   5]
 [110  40]]
[[145   5]
 [111  39]]
[[129  21]
 [102  48]]
[[146   4]
 [113  37]]
[[144   6]
 [113  37]]
[[144   6]
 [116  34]]
[[149   1]
 [120  30]]
[[144   6]
 [119  31]]
[[143   7]
 [119  31]]
