[[108   1]
 [ 28 570]]
[[102   7]
 [ 23 575]]
[[106   3]
 [ 28 570]]
[[ 96  13]
 [ 19 579]]
[[103   6]
 [ 26 572]]
[[105   4]
 [ 30 568]]
[[ 97  12]
 [ 27 571]]
[[ 95  14]
 [ 26 572]]
[[ 86  23]
 [ 18 580]]
[[ 88  21]
 [ 21 577]]
[[104   5]
 [ 38 560]]
[[ 96  13]
 [ 32 566]]
[[103   6]
 [ 40 558]]
[[ 90  19]
 [ 27 571]]
[[ 97  12]
 [ 34 564]]
[[ 99  10]
 [ 37 561]]
[[ 76  33]
 [ 14 584]]
[[ 95  14]
 [ 33 565]]
[[ 98  11]
 [ 36 562]]
[[100   9]
 [ 41 557]]
[[ 64  45]
 [  8 590]]
[[ 94  15]
 [ 40 558]]
[[ 97  12]
 [ 44 554]]
[[106   3]
 [ 58 540]]
[[ 50  59]
 [ 13 585]]
