0.7033312382149592
0.7033312382149592
0.7033312382149592
0.714935860568628
0.714935860568628
0.714935860568628
0.714935860568628
0.714935860568628
0.714935860568628
0.714935860568628
0.714935860568628
0.714935860568628
0.714935860568628
0.714935860568628
0.714935860568628
0.714935860568628
0.714935860568628
0.714935860568628
0.714935860568628
0.714935860568628
0.714935860568628
0.714935860568628
0.714935860568628
0.714935860568628
0.714935860568628
0.714935860568628
0.714935860568628
0.714935860568628
0.714935860568628
0.714935860568628
0.714935860568628
0.714935860568628
0.714935860568628
0.714935860568628
