[[130  20]
 [ 56  94]]
[[130  20]
 [ 56  94]]
[[130  20]
 [ 56  94]]
[[138  12]
 [ 66  84]]
[[139  11]
 [ 68  82]]
[[126  24]
 [ 60  90]]
[[126  24]
 [ 60  90]]
[[126  24]
 [ 62  88]]
[[141   9]
 [ 75  75]]
[[113  37]
 [ 53  97]]
[[113  37]
 [ 53  97]]
[[113  37]
 [ 53  97]]
[[113  37]
 [ 53  97]]
[[106  44]
 [ 50 100]]
[[125  25]
 [ 68  82]]
[[125  25]
 [ 68  82]]
[[134  16]
 [ 77  73]]
[[137  13]
 [ 82  68]]
[[135  15]
 [ 81  69]]
[[138  12]
 [ 94  56]]
[[146   4]
 [113  37]]
[[146   4]
 [113  37]]
[[146   4]
 [120  30]]
[[147   3]
 [125  25]]
[[149   1]
 [126  24]]
