[[109   0]
 [ 37 561]]
[[109   0]
 [ 38 560]]
[[109   0]
 [ 41 557]]
[[109   0]
 [ 43 555]]
[[109   0]
 [ 52 546]]
[[109   0]
 [ 53 545]]
[[109   0]
 [ 59 539]]
[[109   0]
 [ 60 538]]
[[109   0]
 [ 60 538]]
[[109   0]
 [ 61 537]]
[[109   0]
 [ 61 537]]
[[109   0]
 [ 62 536]]
[[109   0]
 [ 64 534]]
[[109   0]
 [ 65 533]]
[[109   0]
 [ 69 529]]
[[109   0]
 [ 76 522]]
[[109   0]
 [ 78 520]]
[[109   0]
 [ 81 517]]
[[109   0]
 [ 81 517]]
[[109   0]
 [145 453]]
[[109   0]
 [152 446]]
[[109   0]
 [198 400]]
[[109   0]
 [200 398]]
[[109   0]
 [217 381]]
[[109   0]
 [242 356]]
