[[ 95  14]
 [ 59 539]]
[[ 55  54]
 [ 42 556]]
[[ 92  17]
 [ 90 508]]
[[109   0]
 [112 486]]
[[ 52  57]
 [105 493]]
[[ 47  62]
 [105 493]]
[[ 54  55]
 [133 465]]
[[104   5]
 [226 372]]
[[102   7]
 [231 367]]
[[105   4]
 [250 348]]
[[105   4]
 [260 338]]
[[105   4]
 [279 319]]
[[108   1]
 [292 306]]
[[106   3]
 [295 303]]
[[109   0]
 [319 279]]
[[106   3]
 [395 203]]
[[106   3]
 [395 203]]
[[106   3]
 [400 198]]
[[106   3]
 [405 193]]
[[106   3]
 [405 193]]
[[109   0]
 [472 126]]
[[109   0]
 [473 125]]
[[109   0]
 [473 125]]
[[109   0]
 [477 121]]
[[109   0]
 [485 113]]
