[[128  22]
 [ 53  97]]
[[147   3]
 [110  40]]
[[146   4]
 [111  39]]
[[125  25]
 [ 44 106]]
[[148   2]
 [130  20]]
[[142   8]
 [ 92  58]]
[[146   4]
 [122  28]]
[[137  13]
 [ 73  77]]
[[141   9]
 [ 95  55]]
[[144   6]
 [ 82  68]]
[[145   5]
 [113  37]]
[[146   4]
 [102  48]]
[[148   2]
 [121  29]]
[[124  26]
 [ 78  72]]
[[149   1]
 [115  35]]
[[142   8]
 [ 99  51]]
[[112  38]
 [ 39 111]]
[[148   2]
 [108  42]]
[[142   8]
 [102  48]]
[[128  22]
 [ 53  97]]
[[140  10]
 [ 84  66]]
[[148   2]
 [ 98  52]]
[[146   4]
 [119  31]]
[[138  12]
 [ 66  84]]
[[126  24]
 [ 47 103]]
