[[ 96  13]
 [ 19 579]]
[[ 94  15]
 [ 19 579]]
[[ 95  14]
 [ 21 577]]
[[ 99  10]
 [ 25 573]]
[[ 93  16]
 [ 20 578]]
[[ 90  19]
 [ 17 581]]
[[ 83  26]
 [ 10 588]]
[[ 91  18]
 [ 18 580]]
[[ 81  28]
 [  9 589]]
[[ 89  20]
 [ 23 575]]
[[100   9]
 [ 42 556]]
[[ 96  13]
 [ 39 559]]
[[ 71  38]
 [ 18 580]]
[[ 53  56]
 [  4 594]]
[[ 68  41]
 [ 22 576]]
[[ 57  52]
 [ 14 584]]
[[ 49  60]
 [  6 592]]
[[ 44  65]
 [  5 593]]
[[ 46  63]
 [ 10 588]]
[[ 38  71]
 [  4 594]]
[[ 41  68]
 [  8 590]]
[[ 22  87]
 [  3 595]]
[[ 22  87]
 [  5 593]]
[[ 17  92]
 [  1 597]]
[[109   0]
 [103 495]]
