[[ 92  58]
 [ 25 125]]
[[ 99  51]
 [ 37 113]]
[[ 99  51]
 [ 39 111]]
[[119  31]
 [ 59  91]]
[[108  42]
 [ 49 101]]
[[ 95  55]
 [ 36 114]]
[[104  46]
 [ 47 103]]
[[107  43]
 [ 50 100]]
[[119  31]
 [ 63  87]]
[[111  39]
 [ 56  94]]
[[117  33]
 [ 62  88]]
[[118  32]
 [ 65  85]]
[[127  23]
 [ 75  75]]
[[113  37]
 [ 64  86]]
[[118  32]
 [ 69  81]]
[[120  30]
 [ 71  79]]
[[107  43]
 [ 60  90]]
[[124  26]
 [ 76  74]]
[[115  35]
 [ 70  80]]
[[113  37]
 [ 69  81]]
[[108  42]
 [ 65  85]]
[[121  29]
 [ 76  74]]
[[117  33]
 [ 74  76]]
[[123  27]
 [ 81  69]]
[[125  25]
 [ 83  67]]
