[[ 48  47]
 [ 17 502]]
[[ 47  48]
 [ 18 501]]
[[ 48  47]
 [ 20 499]]
[[ 47  48]
 [ 19 500]]
[[ 48  47]
 [ 20 499]]
[[ 46  49]
 [ 20 499]]
[[ 43  52]
 [ 17 502]]
[[ 47  48]
 [ 21 498]]
[[ 47  48]
 [ 22 497]]
[[ 47  48]
 [ 22 497]]
[[ 50  45]
 [ 25 494]]
[[ 47  48]
 [ 23 496]]
[[ 50  45]
 [ 26 493]]
[[ 47  48]
 [ 23 496]]
[[ 45  50]
 [ 21 498]]
[[ 44  51]
 [ 21 498]]
[[ 44  51]
 [ 21 498]]
[[ 44  51]
 [ 21 498]]
[[ 39  56]
 [ 16 503]]
[[ 43  52]
 [ 23 496]]
[[ 43  52]
 [ 23 496]]
[[ 49  46]
 [ 29 490]]
[[ 43  52]
 [ 23 496]]
[[ 27  68]
 [ 17 502]]
[[ 20  75]
 [ 10 509]]
