0.5503685503685504
0.5954135954135954
0.5954135954135954
0.5995085995085995
0.6052416052416052
0.6265356265356266
0.6355446355446356
0.6355446355446356
0.642915642915643
0.6445536445536445
0.6445536445536445
0.6543816543816544
0.6543816543816544
0.6625716625716626
0.6625716625716626
0.6625716625716626
0.6625716625716626
0.6625716625716626
0.665028665028665
0.665028665028665
0.665028665028665
0.665028665028665
0.665028665028665
0.665028665028665
0.6674856674856675
0.6674856674856675
0.6699426699426699
0.6699426699426699
0.6699426699426699
0.6699426699426699
0.6699426699426699
0.6699426699426699
0.6699426699426699
0.6699426699426699
0.6699426699426699
0.6699426699426699
0.6699426699426699
