[[105   4]
 [ 17 581]]
[[105   4]
 [ 17 581]]
[[105   4]
 [ 17 581]]
[[105   4]
 [ 17 581]]
[[105   4]
 [ 17 581]]
[[100   9]
 [ 15 583]]
[[100   9]
 [ 15 583]]
[[ 99  10]
 [ 14 584]]
[[101   8]
 [ 17 581]]
[[ 99  10]
 [ 16 582]]
[[ 99  10]
 [ 16 582]]
[[101   8]
 [ 20 578]]
[[100   9]
 [ 19 579]]
[[ 96  13]
 [ 16 582]]
[[102   7]
 [ 26 572]]
[[ 98  11]
 [ 23 575]]
[[ 90  19]
 [ 15 583]]
[[ 82  27]
 [ 10 588]]
[[ 86  23]
 [ 18 580]]
[[ 78  31]
 [ 11 587]]
[[ 77  32]
 [ 10 588]]
[[ 79  30]
 [ 13 585]]
[[ 72  37]
 [  8 590]]
[[ 72  37]
 [  8 590]]
[[ 72  37]
 [  9 589]]
