[[ 48  47]
 [ 17 502]]
[[ 47  48]
 [ 18 501]]
[[ 48  47]
 [ 20 499]]
[[ 47  48]
 [ 19 500]]
[[ 48  47]
 [ 20 499]]
[[ 46  49]
 [ 19 500]]
[[ 50  45]
 [ 23 496]]
[[ 47  48]
 [ 20 499]]
[[ 49  46]
 [ 23 496]]
[[ 46  49]
 [ 20 499]]
[[ 46  49]
 [ 22 497]]
[[ 39  56]
 [ 15 504]]
[[ 46  49]
 [ 26 493]]
[[ 23  72]
 [ 17 502]]
[[ 22  73]
 [ 19 500]]
[[ 51  44]
 [ 57 462]]
[[ 20  75]
 [ 31 488]]
[[ 40  55]
 [ 52 467]]
[[ 18  77]
 [ 31 488]]
[[ 17  78]
 [ 32 487]]
[[ 17  78]
 [ 32 487]]
[[ 18  77]
 [ 35 484]]
[[ 16  79]
 [ 33 486]]
[[ 15  80]
 [ 35 484]]
[[ 68  27]
 [ 98 421]]
