[[ 68  27]
 [  7 512]]
[[ 74  21]
 [  4 515]]
[[ 90   5]
 [ 64 455]]
[[ 85  10]
 [ 16 503]]
[[ 65  30]
 [  4 515]]
[[ 72  23]
 [  9 510]]
[[ 73  22]
 [  7 512]]
[[ 66  29]
 [  1 518]]
[[ 78  17]
 [ 14 505]]
[[ 78  17]
 [ 15 504]]
[[ 68  27]
 [  8 511]]
[[ 69  26]
 [  4 515]]
[[ 77  18]
 [ 14 505]]
[[ 84  11]
 [ 13 506]]
[[ 94   1]
 [ 70 449]]
[[ 71  24]
 [  3 516]]
[[ 84  11]
 [ 22 497]]
[[ 79  16]
 [ 11 508]]
[[ 76  19]
 [  9 510]]
[[ 81  14]
 [  9 510]]
[[ 82  13]
 [ 11 508]]
[[ 73  22]
 [  9 510]]
[[ 75  20]
 [  6 513]]
[[ 86   9]
 [ 37 482]]
[[ 73  22]
 [  4 515]]
