[[ 12  32  51]
 [ 10 426  83]
 [  8 251 164]]
[[ 12  35  48]
 [ 17 446  56]
 [  5 277 141]]
[[ 12  19  64]
 [ 40 380  99]
 [ 12 206 205]]
[[ 36  40  19]
 [ 10 433  76]
 [ 11 284 128]]
[[ 35  34  26]
 [ 10 431  78]
 [ 13 280 130]]
[[ 38  35  22]
 [ 24 437  58]
 [ 16 288 119]]
[[ 24  33  38]
 [  3 388 128]
 [  6 241 176]]
[[  1  25  69]
 [  3 356 160]
 [  4 192 227]]
[[  0  29  66]
 [  3 368 148]
 [  1 207 215]]
[[ 26  35  34]
 [  4 428  87]
 [ 10 288 125]]
[[  9  24  62]
 [ 29 376 114]
 [  9 223 191]]
[[  1  27  67]
 [  8 355 156]
 [  3 203 217]]
[[  2  19  74]
 [  1 345 173]
 [  0 199 224]]
[[  8  30  57]
 [ 26 378 115]
 [ 12 232 179]]
[[  8  27  60]
 [  5 375 139]
 [  2 242 179]]
[[  7  30  58]
 [ 17 390 112]
 [ 12 248 163]]
[[  0  21  74]
 [ 14 381 124]
 [ 12 236 175]]
[[  0  13  82]
 [  0 241 278]
 [  0 127 296]]
[[  0  14  81]
 [  0 207 312]
 [  0 102 321]]
[[  0  14  81]
 [  0 189 330]
 [  0  98 325]]
[[ 49  41   5]
 [ 53 440  26]
 [ 90 310  23]]
[[ 28  42  25]
 [ 67 428  24]
 [ 67 300  56]]
[[ 45  39  11]
 [ 62 427  30]
 [108 287  28]]
[[ 34  42  19]
 [ 75 419  25]
 [ 88 295  40]]
[[  0   5  90]
 [  0  94 425]
 [  0  41 382]]
