[[ 46  49]
 [ 23 496]]
[[ 46  49]
 [ 24 495]]
[[ 46  49]
 [ 24 495]]
[[ 45  50]
 [ 27 492]]
[[ 46  49]
 [ 28 491]]
[[ 44  51]
 [ 28 491]]
[[ 49  46]
 [ 37 482]]
[[ 47  48]
 [ 37 482]]
[[ 24  71]
 [ 20 499]]
[[ 24  71]
 [ 24 495]]
[[ 38  57]
 [ 41 478]]
[[ 48  47]
 [ 53 466]]
[[ 52  43]
 [ 58 461]]
[[ 18  77]
 [ 24 495]]
[[ 10  85]
 [ 18 501]]
[[  5  90]
 [ 14 505]]
[[ 11  84]
 [ 23 496]]
[[ 11  84]
 [ 24 495]]
[[ 51  44]
 [ 66 453]]
[[ 23  72]
 [ 41 478]]
[[ 56  39]
 [197 322]]
[[ 82  13]
 [230 289]]
[[ 82  13]
 [231 288]]
[[ 75  20]
 [229 290]]
[[ 82  13]
 [296 223]]
