[[ 48  47]
 [ 17 502]]
[[ 47  48]
 [ 17 502]]
[[ 46  49]
 [ 17 502]]
[[ 47  48]
 [ 18 501]]
[[ 47  48]
 [ 18 501]]
[[ 49  46]
 [ 21 498]]
[[ 45  50]
 [ 17 502]]
[[ 47  48]
 [ 19 500]]
[[ 49  46]
 [ 21 498]]
[[ 47  48]
 [ 21 498]]
[[ 43  52]
 [ 17 502]]
[[ 49  46]
 [ 24 495]]
[[ 42  53]
 [ 18 501]]
[[ 42  53]
 [ 19 500]]
[[ 41  54]
 [ 18 501]]
[[ 42  53]
 [ 25 494]]
[[ 46  49]
 [ 29 490]]
[[ 38  57]
 [ 22 497]]
[[ 16  79]
 [ 22 497]]
[[ 56  39]
 [ 99 420]]
[[ 61  34]
 [117 402]]
[[ 63  32]
 [123 396]]
[[ 66  29]
 [179 340]]
[[ 79  16]
 [203 316]]
[[ 76  19]
 [209 310]]
