[[109   0]
 [ 28 570]]
[[109   0]
 [ 28 570]]
[[109   0]
 [ 28 570]]
[[109   0]
 [ 29 569]]
[[109   0]
 [ 29 569]]
[[109   0]
 [ 29 569]]
[[109   0]
 [ 32 566]]
[[109   0]
 [ 35 563]]
[[109   0]
 [ 35 563]]
[[109   0]
 [ 36 562]]
[[109   0]
 [ 36 562]]
[[109   0]
 [ 37 561]]
[[109   0]
 [ 38 560]]
[[109   0]
 [ 38 560]]
[[109   0]
 [ 38 560]]
[[109   0]
 [ 38 560]]
[[109   0]
 [ 58 540]]
[[109   0]
 [ 61 537]]
[[109   0]
 [ 79 519]]
[[109   0]
 [ 92 506]]
[[109   0]
 [104 494]]
[[109   0]
 [145 453]]
[[109   0]
 [149 449]]
[[109   0]
 [341 257]]
[[109   0]
 [384 214]]
