[[ 35  24  36]
 [  3 360 156]
 [ 16 180 227]]
[[ 35  32  28]
 [ 14 420  85]
 [ 22 235 166]]
[[ 37  32  26]
 [  4 428  87]
 [ 15 253 155]]
[[ 34  33  28]
 [  5 442  72]
 [ 19 260 144]]
[[ 33  31  31]
 [  6 434  79]
 [ 18 252 153]]
[[ 35  36  24]
 [  3 438  78]
 [ 29 255 139]]
[[ 34  34  27]
 [ 11 441  67]
 [ 38 254 131]]
[[ 37  35  23]
 [ 16 440  63]
 [ 47 253 123]]
[[ 35  33  27]
 [  8 420  91]
 [ 40 239 144]]
[[ 34  31  30]
 [ 16 416  87]
 [ 49 231 143]]
[[ 38  33  24]
 [ 16 431  72]
 [ 58 245 120]]
[[ 37  32  26]
 [ 18 430  71]
 [ 61 246 116]]
[[ 39  39  17]
 [ 21 434  64]
 [ 66 274  83]]
[[ 40  30  25]
 [ 39 423  57]
 [ 72 260  91]]
[[ 28  39  28]
 [ 17 440  62]
 [ 46 300  77]]
[[ 28  39  28]
 [ 17 440  62]
 [ 46 300  77]]
[[ 45  29  21]
 [ 49 409  61]
 [113 226  84]]
[[ 42  37  16]
 [ 38 411  70]
 [ 92 266  65]]
[[ 42  38  15]
 [ 34 419  66]
 [ 94 272  57]]
[[ 38  29  28]
 [ 44 327 148]
 [ 79 199 145]]
[[ 47  31  17]
 [ 84 356  79]
 [160 184  79]]
[[ 49  26  20]
 [104 308 107]
 [135 195  93]]
[[ 49  26  20]
 [129 304  86]
 [174 171  78]]
[[ 51  27  17]
 [135 296  88]
 [172 188  63]]
[[ 49  27  19]
 [136 289  94]
 [180 174  69]]
