[[105   4]
 [ 17 581]]
[[105   4]
 [ 17 581]]
[[105   4]
 [ 17 581]]
[[ 95  14]
 [  8 590]]
[[103   6]
 [ 17 581]]
[[102   7]
 [ 18 580]]
[[102   7]
 [ 21 577]]
[[ 98  11]
 [ 19 579]]
[[ 98  11]
 [ 22 576]]
[[105   4]
 [ 31 567]]
[[ 94  15]
 [ 23 575]]
[[105   4]
 [ 35 563]]
[[ 82  27]
 [ 16 582]]
[[ 72  37]
 [ 16 582]]
[[ 81  28]
 [ 28 570]]
[[ 84  25]
 [ 33 565]]
[[ 76  33]
 [ 26 572]]
[[ 72  37]
 [ 22 576]]
[[ 75  34]
 [ 27 571]]
[[ 63  46]
 [ 16 582]]
[[ 71  38]
 [ 32 566]]
[[ 68  41]
 [ 33 565]]
[[ 56  53]
 [ 27 571]]
[[ 80  29]
 [ 59 539]]
[[ 47  62]
 [ 42 556]]
