[[ 13  27]
 [ 11 149]]
[[ 18  22]
 [ 28 132]]
[[ 18  22]
 [ 28 132]]
[[ 12  28]
 [ 14 146]]
[[ 16  24]
 [ 27 133]]
[[  9  31]
 [  6 154]]
[[ 10  30]
 [ 10 150]]
[[ 14  26]
 [ 24 136]]
[[ 11  29]
 [ 15 145]]
[[ 17  23]
 [ 34 126]]
[[  9  31]
 [ 11 149]]
[[ 13  27]
 [ 25 135]]
[[ 13  27]
 [ 25 135]]
[[  8  32]
 [ 10 150]]
[[  7  33]
 [  6 154]]
[[  7  33]
 [  7 153]]
[[ 10  30]
 [ 19 141]]
[[  6  34]
 [  6 154]]
[[  6  34]
 [  7 153]]
[[  5  35]
 [  6 154]]
[[  4  36]
 [  1 159]]
[[  4  36]
 [  4 156]]
[[  4  36]
 [  4 156]]
[[  4  36]
 [  8 152]]
[[  3  37]
 [  7 153]]
