[[111  39]
 [ 41 109]]
[[111  39]
 [ 41 109]]
[[111  39]
 [ 41 109]]
[[111  39]
 [ 41 109]]
[[111  39]
 [ 41 109]]
[[107  43]
 [ 39 111]]
[[107  43]
 [ 42 108]]
[[107  43]
 [ 42 108]]
[[104  46]
 [ 40 110]]
[[104  46]
 [ 40 110]]
[[107  43]
 [ 44 106]]
[[102  48]
 [ 46 104]]
[[102  48]
 [ 46 104]]
[[102  48]
 [ 46 104]]
[[ 98  52]
 [ 42 108]]
[[100  50]
 [ 45 105]]
[[112  38]
 [ 57  93]]
[[ 99  51]
 [ 45 105]]
[[110  40]
 [ 57  93]]
[[ 94  56]
 [ 42 108]]
[[ 97  53]
 [ 47 103]]
[[116  34]
 [ 67  83]]
[[110  40]
 [ 66  84]]
[[110  40]
 [ 66  84]]
[[110  40]
 [ 68  82]]
