[[ 80  29]
 [ 22 576]]
[[ 70  39]
 [ 22 576]]
[[ 52  57]
 [  7 591]]
[[104   5]
 [ 70 528]]
[[104   5]
 [ 70 528]]
[[ 34  75]
 [  4 594]]
[[ 89  20]
 [ 75 523]]
[[ 59  50]
 [ 46 552]]
[[ 11  98]
 [  1 597]]
[[ 14  95]
 [  5 593]]
[[ 63  46]
 [ 57 541]]
[[  9 100]
 [  3 595]]
[[ 94  15]
 [ 89 509]]
[[  3 106]
 [  0 598]]
[[  8 101]
 [  5 593]]
[[ 23  86]
 [ 21 577]]
[[ 63  46]
 [ 69 529]]
[[102   7]
 [115 483]]
[[108   1]
 [131 467]]
[[103   6]
 [136 462]]
[[ 22  87]
 [ 57 541]]
[[107   2]
 [148 450]]
[[ 33  76]
 [ 78 520]]
[[109   0]
 [159 439]]
[[109   0]
 [176 422]]
