[[131  19]
 [ 39 111]]
[[131  19]
 [ 40 110]]
[[125  25]
 [ 38 112]]
[[133  17]
 [ 46 104]]
[[115  35]
 [ 29 121]]
[[128  22]
 [ 45 105]]
[[120  30]
 [ 38 112]]
[[127  23]
 [ 45 105]]
[[127  23]
 [ 48 102]]
[[121  29]
 [ 44 106]]
[[116  34]
 [ 44 106]]
[[127  23]
 [ 56  94]]
[[116  34]
 [ 50 100]]
[[119  31]
 [ 53  97]]
[[117  33]
 [ 53  97]]
[[ 96  54]
 [ 36 114]]
[[ 89  61]
 [ 32 118]]
[[ 94  56]
 [ 41 109]]
[[117  33]
 [ 66  84]]
[[144   6]
 [ 91  59]]
[[141   9]
 [ 95  55]]
[[144   6]
 [100  50]]
[[149   1]
 [107  43]]
[[147   3]
 [107  43]]
[[142   8]
 [119  31]]
