[[ 12  32  51]
 [ 10 426  83]
 [  8 251 164]]
[[ 12  35  48]
 [ 17 446  56]
 [  5 277 141]]
[[ 12  19  64]
 [ 40 380  99]
 [ 12 206 205]]
[[ 35  34  26]
 [ 10 431  78]
 [ 13 280 130]]
[[ 38  35  22]
 [ 24 437  58]
 [ 16 288 119]]
[[  1  36  58]
 [ 12 416  91]
 [  4 244 175]]
[[  3  38  54]
 [  9 436  74]
 [  9 269 145]]
[[  1  34  60]
 [ 11 398 110]
 [  6 234 183]]
[[  5  31  59]
 [  7 401 111]
 [  5 244 174]]
[[  1  26  68]
 [  8 346 165]
 [  4 198 221]]
[[ 19  39  37]
 [ 32 431  56]
 [ 16 291 116]]
[[  9  33  53]
 [ 36 413  70]
 [ 27 258 138]]
[[  4  27  64]
 [ 27 371 121]
 [  4 237 182]]
[[  1  23  71]
 [ 17 369 133]
 [  3 235 185]]
[[  1  22  72]
 [ 16 360 143]
 [  8 227 188]]
[[ 48  44   3]
 [ 50 455  14]
 [ 70 330  23]]
[[ 42  47   6]
 [ 33 470  16]
 [ 88 328   7]]
[[ 49  41   5]
 [ 47 449  23]
 [ 90 323  10]]
[[ 45  39  11]
 [ 59 430  30]
 [ 81 310  32]]
[[ 39  39  17]
 [ 69 416  34]
 [ 82 296  45]]
[[ 48  32  15]
 [ 94 379  46]
 [ 84 270  69]]
[[ 55  37   3]
 [ 85 415  19]
 [118 294  11]]
[[ 35  41  19]
 [ 74 409  36]
 [115 274  34]]
[[ 60  19  16]
 [119 320  80]
 [164 175  84]]
[[ 42  46   7]
 [ 90 392  37]
 [115 281  27]]
