0.9283387622149837
0.9283387622149837
0.9283387622149837
0.9283387622149837
0.9283387622149837
0.9283387622149837
0.9283387622149837
0.9315960912052117
0.9315960912052117
0.9315960912052117
0.9315960912052117
0.9315960912052117
0.9315960912052117
0.9315960912052117
0.9315960912052117
0.9315960912052117
0.9332247557003257
0.9332247557003257
0.9332247557003257
0.9332247557003257
0.9332247557003257
0.9332247557003257
0.9332247557003257
0.9332247557003257
0.9332247557003257
0.9332247557003257
0.9332247557003257
0.9332247557003257
0.9332247557003257
0.9332247557003257
0.9332247557003257
0.9332247557003257
