[[ 57  38]
 [ 22 497]]
[[ 57  38]
 [ 22 497]]
[[ 57  38]
 [ 22 497]]
[[ 57  38]
 [ 22 497]]
[[ 57  38]
 [ 22 497]]
[[ 58  37]
 [ 28 491]]
[[ 56  39]
 [ 27 492]]
[[ 55  40]
 [ 30 489]]
[[ 46  49]
 [ 24 495]]
[[ 42  53]
 [ 23 496]]
[[ 42  53]
 [ 24 495]]
[[ 42  53]
 [ 24 495]]
[[ 34  61]
 [ 20 499]]
[[ 32  63]
 [ 19 500]]
[[ 31  64]
 [ 19 500]]
[[ 34  61]
 [ 22 497]]
[[ 38  57]
 [ 28 491]]
[[ 23  72]
 [ 13 506]]
[[ 23  72]
 [ 15 504]]
[[ 20  75]
 [ 18 501]]
[[ 16  79]
 [ 14 505]]
[[ 16  79]
 [ 15 504]]
[[ 12  83]
 [ 12 507]]
[[ 16  79]
 [ 17 502]]
[[ 13  82]
 [ 18 501]]
