52.31730500111168
53.54843247544453
53.931876022704614
54.69803312151357
55.284012651003444
55.284012651003444
55.284012651003444
55.284012651003444
55.284012651003444
55.284012651003444
55.284012651003444
55.284012651003444
55.284012651003444
55.284012651003444
55.284012651003444
55.47581978610534
55.47581978610534
55.47581978610534
55.47581978610534
55.47581978610534
55.47581978610534
55.47581978610534
55.47581978610534
55.47581978610534
55.47581978610534
55.47581978610534
55.47581978610534
55.47581978610534
55.47581978610534
55.47581978610534
55.47581978610534
