[[111  39]
 [ 41 109]]
[[111  39]
 [ 41 109]]
[[111  39]
 [ 41 109]]
[[111  39]
 [ 41 109]]
[[111  39]
 [ 41 109]]
[[111  39]
 [ 41 109]]
[[105  45]
 [ 38 112]]
[[104  46]
 [ 40 110]]
[[101  49]
 [ 46 104]]
[[110  40]
 [ 55  95]]
[[111  39]
 [ 56  94]]
[[111  39]
 [ 56  94]]
[[103  47]
 [ 49 101]]
[[100  50]
 [ 46 104]]
[[ 98  52]
 [ 44 106]]
[[110  40]
 [ 56  94]]
[[103  47]
 [ 50 100]]
[[ 98  52]
 [ 45 105]]
[[ 97  53]
 [ 45 105]]
[[107  43]
 [ 58  92]]
[[98 52]
 [51 99]]
[[114  36]
 [ 66  84]]
[[ 95  55]
 [ 50 100]]
[[106  44]
 [ 62  88]]
[[98 52]
 [56 94]]
