[[135 102]
 [108 129]]
[[135 102]
 [108 129]]
[[135 102]
 [108 129]]
[[135 102]
 [108 129]]
[[126 111]
 [103 134]]
[[126 111]
 [103 134]]
[[124 113]
 [104 133]]
[[124 113]
 [104 133]]
[[154  83]
 [132 105]]
[[142  95]
 [123 114]]
[[142  95]
 [123 114]]
[[153  84]
 [133 104]]
[[125 112]
 [110 127]]
[[125 112]
 [110 127]]
[[137 100]
 [123 114]]
[[152  85]
 [137 100]]
[[144  93]
 [132 105]]
[[144  93]
 [132 105]]
[[115 122]
 [107 130]]
[[ 67 170]
 [ 60 177]]
[[ 23 214]
 [ 13 224]]
[[ 23 214]
 [ 13 224]]
[[ 11 226]
 [ 10 227]]
[[  3 234]
 [  1 236]]
[[  2 235]
 [  1 236]]
