[[ 99  51]
 [ 33 117]]
[[102  48]
 [ 37 113]]
[[102  48]
 [ 37 113]]
[[102  48]
 [ 37 113]]
[[105  45]
 [ 43 107]]
[[105  45]
 [ 44 106]]
[[126  24]
 [ 65  85]]
[[109  41]
 [ 50 100]]
[[ 94  56]
 [ 35 115]]
[[ 94  56]
 [ 35 115]]
[[ 86  64]
 [ 26 124]]
[[ 93  57]
 [ 34 116]]
[[ 91  59]
 [ 32 118]]
[[106  44]
 [ 49 101]]
[[ 99  51]
 [ 42 108]]
[[ 99  51]
 [ 42 108]]
[[ 97  53]
 [ 41 109]]
[[ 97  53]
 [ 41 109]]
[[ 97  53]
 [ 41 109]]
[[ 86  64]
 [ 30 120]]
[[ 86  64]
 [ 30 120]]
[[ 81  69]
 [ 25 125]]
[[ 86  64]
 [ 31 119]]
[[107  43]
 [ 54  96]]
[[ 77  73]
 [ 27 123]]
