[[ 80  70]
 [ 25 125]]
[[ 99  51]
 [ 37 113]]
[[111  39]
 [ 63  87]]
[[ 84  66]
 [ 39 111]]
[[107  43]
 [ 54  96]]
[[116  34]
 [ 58  92]]
[[ 96  54]
 [ 43 107]]
[[ 93  57]
 [ 37 113]]
[[ 99  51]
 [ 41 109]]
[[ 95  55]
 [ 36 114]]
[[ 96  54]
 [ 43 107]]
[[108  42]
 [ 49 101]]
[[ 86  64]
 [ 37 113]]
[[106  44]
 [ 59  91]]
[[ 92  58]
 [ 25 125]]
[[103  47]
 [ 56  94]]
[[ 95  55]
 [ 41 109]]
[[119  31]
 [ 67  83]]
[[ 96  54]
 [ 38 112]]
[[ 82  68]
 [ 31 119]]
[[ 92  58]
 [ 41 109]]
[[ 87  63]
 [ 35 115]]
[[ 91  59]
 [ 38 112]]
[[ 92  58]
 [ 34 116]]
[[ 77  73]
 [ 29 121]]
