[[ 37  30  28]
 [  9 425  85]
 [ 24 242 157]]
[[ 16  29  50]
 [  9 404 106]
 [ 12 213 198]]
[[ 15  35  45]
 [ 11 451  57]
 [  5 271 147]]
[[ 15  35  45]
 [ 12 451  56]
 [  7 270 146]]
[[ 33  31  31]
 [  6 418  95]
 [ 18 245 160]]
[[ 15  36  44]
 [ 10 452  57]
 [  4 276 143]]
[[ 15  37  43]
 [ 12 451  56]
 [  3 276 144]]
[[ 15  37  43]
 [ 12 451  56]
 [  3 276 144]]
[[ 36  31  28]
 [ 11 418  90]
 [ 20 248 155]]
[[  5  37  53]
 [ 11 442  66]
 [  3 258 162]]
[[  5  41  49]
 [  6 458  55]
 [  3 288 132]]
[[  2  31  62]
 [ 16 422  81]
 [ 27 230 166]]
[[  6  36  53]
 [  5 443  71]
 [ 14 270 139]]
[[  7  37  51]
 [  5 446  68]
 [ 14 278 131]]
[[  3  36  56]
 [ 20 420  79]
 [  2 261 160]]
[[  2  42  51]
 [  6 463  50]
 [  1 308 114]]
[[ 45  45   5]
 [ 34 472  13]
 [ 81 331  11]]
[[ 46  46   3]
 [ 40 461  18]
 [ 75 328  20]]
[[ 47  46   2]
 [ 43 461  15]
 [ 81 329  13]]
[[ 47  46   2]
 [ 43 461  15]
 [ 81 329  13]]
[[ 23  71   1]
 [160 343  16]
 [ 53 364   6]]
[[ 23  71   1]
 [164 339  16]
 [ 53 364   6]]
[[ 23  71   1]
 [165 338  16]
 [ 59 358   6]]
[[ 24  70   1]
 [180 323  16]
 [ 81 336   6]]
[[ 28  66   1]
 [190 311  18]
 [110 307   6]]
