0.7290244881573664
0.7298919567827131
0.7298919567827131
0.7431442169675908
0.7448405253283302
0.7448405253283302
0.7448405253283302
0.7448405253283302
0.7497747973175859
0.7497747973175859
0.7497747973175859
0.7497747973175859
0.7497747973175859
0.7497747973175859
0.7497747973175859
0.7497747973175859
0.7498999599839936
0.7498999599839936
0.7498999599839936
0.7498999599839936
0.7498999599839936
0.7498999599839936
0.7498999599839936
0.7498999599839936
0.7498999599839936
0.7498999599839936
0.7498999599839936
