[[ 67  28]
 [ 43 476]]
[[ 69  26]
 [ 49 470]]
[[ 41  54]
 [ 22 497]]
[[ 41  54]
 [ 26 493]]
[[ 45  50]
 [ 31 488]]
[[ 41  54]
 [ 28 491]]
[[ 41  54]
 [ 29 490]]
[[ 71  24]
 [ 59 460]]
[[ 41  54]
 [ 30 489]]
[[ 69  26]
 [ 69 450]]
[[ 69  26]
 [ 69 450]]
[[ 69  26]
 [ 69 450]]
[[ 69  26]
 [ 69 450]]
[[ 69  26]
 [ 71 448]]
[[ 70  25]
 [ 74 445]]
[[ 69  26]
 [ 75 444]]
[[ 70  25]
 [ 83 436]]
[[ 77  18]
 [ 92 427]]
[[ 76  19]
 [ 92 427]]
[[ 77  18]
 [ 95 424]]
[[ 76  19]
 [ 94 425]]
[[ 79  16]
 [104 415]]
[[ 80  15]
 [112 407]]
[[ 73  22]
 [117 402]]
[[ 73  22]
 [117 402]]
