[[103   6]
 [ 19 579]]
[[105   4]
 [ 22 576]]
[[104   5]
 [ 21 577]]
[[101   8]
 [ 19 579]]
[[106   3]
 [ 24 574]]
[[105   4]
 [ 23 575]]
[[ 96  13]
 [ 15 583]]
[[105   4]
 [ 24 574]]
[[ 92  17]
 [ 11 587]]
[[ 96  13]
 [ 17 581]]
[[ 96  13]
 [ 18 580]]
[[ 92  17]
 [ 16 582]]
[[ 89  20]
 [ 14 584]]
[[100   9]
 [ 25 573]]
[[100   9]
 [ 25 573]]
[[ 92  17]
 [ 17 581]]
[[ 86  23]
 [ 12 586]]
[[ 89  20]
 [ 19 579]]
[[ 86  23]
 [ 16 582]]
[[ 90  19]
 [ 22 576]]
[[ 54  55]
 [  7 591]]
[[ 75  34]
 [ 44 554]]
[[ 62  47]
 [ 31 567]]
[[ 74  35]
 [ 51 547]]
[[ 86  23]
 [ 69 529]]
