0.7033312382149592
0.7033312382149592
0.7033312382149592
0.7033312382149592
0.7033312382149592
0.7033312382149592
0.7033312382149592
0.7033312382149592
0.7033312382149592
0.7033312382149592
0.7033312382149592
0.7033312382149592
0.7033312382149592
0.7033312382149592
0.7048155096935584
0.7048155096935584
0.7048155096935584
0.7048155096935584
0.7048155096935584
0.7048155096935584
0.7048155096935584
0.7048155096935584
0.7048155096935584
0.7048155096935584
0.7048155096935584
0.7048155096935584
0.7048155096935584
0.7048155096935584
0.7048155096935584
0.7048155096935584
0.7048155096935584
0.7048155096935584
0.7048155096935584
0.7048155096935584
0.7048155096935584
0.7048155096935584
0.7048155096935584
0.7048155096935584
0.7048155096935584
0.7048155096935584
0.7048155096935584
0.7048155096935584
0.7048155096935584
0.7048155096935584
0.7048155096935584
