[[119  31]
 [ 40 110]]
[[119  31]
 [ 40 110]]
[[119  31]
 [ 40 110]]
[[122  28]
 [ 47 103]]
[[113  37]
 [ 40 110]]
[[119  31]
 [ 48 102]]
[[119  31]
 [ 48 102]]
[[119  31]
 [ 48 102]]
[[132  18]
 [ 62  88]]
[[123  27]
 [ 56  94]]
[[133  17]
 [ 65  85]]
[[117  33]
 [ 51  99]]
[[130  20]
 [ 64  86]]
[[130  20]
 [ 65  85]]
[[125  25]
 [ 62  88]]
[[129  21]
 [ 66  84]]
[[129  21]
 [ 66  84]]
[[129  21]
 [ 66  84]]
[[123  27]
 [ 65  85]]
[[123  27]
 [ 65  85]]
[[141   9]
 [ 81  69]]
[[137  13]
 [ 79  71]]
[[129  21]
 [ 85  65]]
[[147   3]
 [116  34]]
[[147   3]
 [116  34]]
