0.7097387648883995
0.7097387648883995
0.7097387648883995
0.7097387648883995
0.7097387648883995
0.7097387648883995
0.7097387648883995
0.7097387648883995
0.7097387648883995
0.7097387648883995
0.7097387648883995
0.7097387648883995
0.7097387648883995
0.7097387648883995
0.7097387648883995
0.7097387648883995
0.7097387648883995
0.7097387648883995
0.7097387648883995
0.7097387648883995
0.7097387648883995
0.7097387648883995
0.7097387648883995
0.7097387648883995
0.7097387648883995
0.7189883580891208
0.7189883580891208
0.7189883580891208
0.7189883580891208
0.7189883580891208
0.7189883580891208
0.7189883580891208
0.7189883580891208
0.7189883580891208
0.7189883580891208
0.7189883580891208
0.7189883580891208
0.7189883580891208
0.7189883580891208
0.7189883580891208
0.7189883580891208
0.7189883580891208
0.7189883580891208
0.7189883580891208
0.7189883580891208
0.7189883580891208
0.7189883580891208
0.7189883580891208
0.7189883580891208
0.7189883580891208
0.7189883580891208
0.7189883580891208
0.7189883580891208
0.7189883580891208
0.7189883580891208
0.7189883580891208
