[[ 50  45]
 [ 33 486]]
[[ 42  53]
 [ 26 493]]
[[ 48  47]
 [ 32 487]]
[[ 59  36]
 [ 43 476]]
[[ 48  47]
 [ 34 485]]
[[ 47  48]
 [ 33 486]]
[[ 40  55]
 [ 31 488]]
[[ 51  44]
 [ 43 476]]
[[ 42  53]
 [ 34 485]]
[[ 50  45]
 [ 44 475]]
[[ 25  70]
 [ 19 500]]
[[ 26  69]
 [ 22 497]]
[[ 66  29]
 [ 65 454]]
[[ 11  84]
 [ 13 506]]
[[ 14  81]
 [ 19 500]]
[[  9  86]
 [ 15 504]]
[[ 10  85]
 [ 17 502]]
[[  7  88]
 [ 16 503]]
[[ 68  27]
 [ 77 442]]
[[  9  86]
 [ 20 499]]
[[ 77  18]
 [ 90 429]]
[[ 79  16]
 [117 402]]
[[ 77  18]
 [129 390]]
[[ 78  17]
 [140 379]]
[[ 76  19]
 [141 378]]
