[[103   6]
 [ 19 579]]
[[102   7]
 [ 22 576]]
[[108   1]
 [ 28 570]]
[[ 97  12]
 [ 17 581]]
[[105   4]
 [ 25 573]]
[[ 96  13]
 [ 19 579]]
[[104   5]
 [ 28 570]]
[[104   5]
 [ 31 567]]
[[ 83  26]
 [ 13 585]]
[[ 78  31]
 [  9 589]]
[[109   0]
 [ 44 554]]
[[ 66  43]
 [ 13 585]]
[[ 53  56]
 [  4 594]]
[[ 48  61]
 [  4 594]]
[[109   0]
 [ 66 532]]
[[ 47  62]
 [  8 590]]
[[ 42  67]
 [  3 595]]
[[ 35  74]
 [  4 594]]
[[ 32  77]
 [  4 594]]
[[ 26  83]
 [  3 595]]
[[ 24  85]
 [  3 595]]
[[ 22  87]
 [  3 595]]
[[ 21  88]
 [  4 594]]
[[ 81  28]
 [ 81 517]]
[[106   3]
 [270 328]]
