0.6532027743778049
0.6749268585431722
0.6749268585431722
0.6749268585431722
0.6749268585431722
0.6749268585431722
0.6749268585431722
0.6749268585431722
0.6749268585431722
0.6749268585431722
0.6749268585431722
0.6749268585431722
0.6749268585431722
0.677386833350136
0.677386833350136
0.677386833350136
0.6784242789669379
0.6943811217715875
0.6943811217715875
0.6943811217715875
0.6943811217715875
0.6943811217715875
0.6943811217715875
0.6943811217715875
0.6943811217715875
0.6943811217715875
0.6943811217715875
0.6943811217715875
0.6943811217715875
0.6943811217715875
0.6943811217715875
0.6943811217715875
0.6943811217715875
0.6943811217715875
0.6943811217715875
0.6943811217715875
0.6943811217715875
0.6943811217715875
