[[ 58  37]
 [ 25 494]]
[[ 61  34]
 [ 28 491]]
[[ 63  32]
 [ 31 488]]
[[ 60  35]
 [ 28 491]]
[[ 57  38]
 [ 26 493]]
[[ 61  34]
 [ 30 489]]
[[ 59  36]
 [ 28 491]]
[[ 58  37]
 [ 28 491]]
[[ 55  40]
 [ 25 494]]
[[ 58  37]
 [ 28 491]]
[[ 56  39]
 [ 27 492]]
[[ 60  35]
 [ 31 488]]
[[ 59  36]
 [ 31 488]]
[[ 60  35]
 [ 33 486]]
[[ 52  43]
 [ 26 493]]
[[ 57  38]
 [ 32 487]]
[[ 55  40]
 [ 32 487]]
[[ 54  41]
 [ 33 486]]
[[ 63  32]
 [ 42 477]]
[[ 54  41]
 [ 33 486]]
[[ 27  68]
 [ 19 500]]
[[ 25  70]
 [ 17 502]]
[[ 27  68]
 [ 19 500]]
[[ 16  79]
 [ 14 505]]
[[ 16  79]
 [ 14 505]]
