0.7097094548139848
0.7199719971997199
0.7199719971997199
0.7199719971997199
0.7199719971997199
0.7199719971997199
0.7199719971997199
0.7199719971997199
0.7199719971997199
0.7199719971997199
0.7199719971997199
0.7199719971997199
0.7199719971997199
0.7199719971997199
0.7199719971997199
0.7199719971997199
0.7199719971997199
0.7199719971997199
0.7199719971997199
0.7199719971997199
0.7199719971997199
0.7199719971997199
0.7199719971997199
0.7199719971997199
0.7199719971997199
0.7199719971997199
0.7199719971997199
0.7199719971997199
0.7199719971997199
0.7199719971997199
0.7199719971997199
0.7199719971997199
