[[ 12  28]
 [  7 153]]
[[ 12  28]
 [ 10 150]]
[[ 12  28]
 [ 11 149]]
[[ 14  26]
 [ 17 143]]
[[ 15  25]
 [ 20 140]]
[[ 14  26]
 [ 18 142]]
[[ 14  26]
 [ 20 140]]
[[ 11  29]
 [ 11 149]]
[[ 13  27]
 [ 18 142]]
[[  9  31]
 [  6 154]]
[[ 11  29]
 [ 13 147]]
[[ 16  24]
 [ 30 130]]
[[ 13  27]
 [ 22 138]]
[[  7  33]
 [  2 158]]
[[ 19  21]
 [ 41 119]]
[[  9  31]
 [ 12 148]]
[[  7  33]
 [  5 155]]
[[  8  32]
 [ 10 150]]
[[ 17  23]
 [ 39 121]]
[[  6  34]
 [  2 158]]
[[  8  32]
 [ 12 148]]
[[ 21  19]
 [ 52 108]]
[[ 19  21]
 [ 48 112]]
[[  6  34]
 [  7 153]]
[[  4  36]
 [  2 158]]
