[[234  66]
 [111 189]]
[[234  66]
 [111 189]]
[[227  73]
 [105 195]]
[[229  71]
 [107 193]]
[[229  71]
 [107 193]]
[[229  71]
 [107 193]]
[[229  71]
 [107 193]]
[[229  71]
 [107 193]]
[[229  71]
 [111 189]]
[[229  71]
 [111 189]]
[[208  92]
 [ 91 209]]
[[211  89]
 [102 198]]
[[161 139]
 [ 58 242]]
[[155 145]
 [ 53 247]]
[[153 147]
 [ 53 247]]
[[145 155]
 [ 47 253]]
[[149 151]
 [ 53 247]]
[[134 166]
 [ 48 252]]
[[110 190]
 [ 34 266]]
[[115 185]
 [ 44 256]]
[[115 185]
 [ 44 256]]
[[113 187]
 [ 42 258]]
[[288  12]
 [262  38]]
[[294   6]
 [276  24]]
[[293   7]
 [279  21]]
