[[ 44  51]
 [ 19 500]]
[[ 50  45]
 [ 32 487]]
[[ 43  52]
 [ 25 494]]
[[ 38  57]
 [ 22 497]]
[[ 38  57]
 [ 22 497]]
[[ 38  57]
 [ 22 497]]
[[ 38  57]
 [ 22 497]]
[[ 38  57]
 [ 22 497]]
[[ 38  57]
 [ 22 497]]
[[ 44  51]
 [ 30 489]]
[[ 44  51]
 [ 30 489]]
[[ 55  40]
 [ 41 478]]
[[ 33  62]
 [ 20 499]]
[[ 33  62]
 [ 20 499]]
[[ 33  62]
 [ 20 499]]
[[ 33  62]
 [ 20 499]]
[[ 33  62]
 [ 20 499]]
[[ 33  62]
 [ 20 499]]
[[ 32  63]
 [ 20 499]]
[[ 26  69]
 [ 15 504]]
[[ 32  63]
 [ 22 497]]
[[ 30  65]
 [ 26 493]]
[[ 17  78]
 [ 15 504]]
[[ 14  81]
 [ 15 504]]
[[ 14  81]
 [ 15 504]]
