[[109   0]
 [ 28 570]]
[[109   0]
 [ 28 570]]
[[109   0]
 [ 28 570]]
[[109   0]
 [ 28 570]]
[[109   0]
 [ 29 569]]
[[109   0]
 [ 30 568]]
[[109   0]
 [ 31 567]]
[[109   0]
 [ 31 567]]
[[109   0]
 [ 32 566]]
[[109   0]
 [ 33 565]]
[[109   0]
 [ 34 564]]
[[109   0]
 [ 37 561]]
[[109   0]
 [ 37 561]]
[[109   0]
 [ 38 560]]
[[109   0]
 [ 40 558]]
[[109   0]
 [ 43 555]]
[[109   0]
 [ 44 554]]
[[109   0]
 [ 45 553]]
[[109   0]
 [ 49 549]]
[[109   0]
 [ 79 519]]
[[109   0]
 [ 83 515]]
[[109   0]
 [217 381]]
[[109   0]
 [247 351]]
[[109   0]
 [318 280]]
[[109   0]
 [318 280]]
