[[135 102]
 [108 129]]
[[135 102]
 [108 129]]
[[135 102]
 [108 129]]
[[135 102]
 [108 129]]
[[135 102]
 [108 129]]
[[135 102]
 [108 129]]
[[135 102]
 [108 129]]
[[135 102]
 [108 129]]
[[135 102]
 [108 129]]
[[135 102]
 [108 129]]
[[135 102]
 [108 129]]
[[135 102]
 [108 129]]
[[135 102]
 [108 129]]
[[131 106]
 [115 122]]
[[145  92]
 [128 109]]
[[147  90]
 [132 105]]
[[117 120]
 [106 131]]
[[143  94]
 [132 105]]
[[143  94]
 [132 105]]
[[131 106]
 [123 114]]
[[ 75 162]
 [ 72 165]]
[[ 75 162]
 [ 72 165]]
[[ 75 162]
 [ 72 165]]
[[ 75 162]
 [ 72 165]]
[[ 54 183]
 [ 51 186]]
