[[ 57  38]
 [ 42 477]]
[[ 56  39]
 [ 51 468]]
[[ 43  52]
 [ 40 479]]
[[ 19  76]
 [ 23 496]]
[[ 37  58]
 [ 41 478]]
[[ 75  20]
 [ 80 439]]
[[ 74  21]
 [ 89 430]]
[[ 78  17]
 [ 97 422]]
[[ 12  83]
 [ 31 488]]
[[ 72  23]
 [ 98 421]]
[[ 68  27]
 [ 96 423]]
[[ 72  23]
 [102 417]]
[[ 66  29]
 [117 402]]
[[ 78  17]
 [136 383]]
[[ 78  17]
 [144 375]]
[[ 82  13]
 [148 371]]
[[ 84  11]
 [154 365]]
[[ 74  21]
 [148 371]]
[[ 82  13]
 [158 361]]
[[ 74  21]
 [154 365]]
[[ 80  15]
 [165 354]]
[[ 86   9]
 [172 347]]
[[ 87   8]
 [175 344]]
[[ 85  10]
 [183 336]]
[[ 83  12]
 [193 326]]
