0.7186212440960708
0.7192982456140351
0.7192982456140351
0.7241656009428521
0.7241656009428521
0.7241656009428521
0.7277951406391774
0.7335009428032684
0.7335009428032684
0.7335009428032684
0.7335009428032684
0.7335009428032684
0.7344622861294121
0.7344622861294121
0.7344622861294121
0.7344622861294121
0.7344622861294121
0.7344622861294121
0.7344622861294121
0.7599039615846338
0.7599039615846338
0.75997599759976
0.75997599759976
0.7648530331457161
0.7648530331457161
0.7648530331457161
0.7648530331457161
0.7648530331457161
0.7648530331457161
0.7648530331457161
0.7648530331457161
0.7648530331457161
0.7648530331457161
0.7648530331457161
