[[ 80  70]
 [ 25 125]]
[[ 99  51]
 [ 37 113]]
[[111  39]
 [ 63  87]]
[[ 84  66]
 [ 39 111]]
[[107  43]
 [ 54  96]]
[[ 84  66]
 [ 38 112]]
[[ 96  54]
 [ 40 110]]
[[ 93  57]
 [ 35 115]]
[[106  44]
 [ 58  92]]
[[107  43]
 [ 60  90]]
[[118  32]
 [ 63  87]]
[[108  42]
 [ 56  94]]
[[113  37]
 [ 72  78]]
[[ 89  61]
 [ 34 116]]
[[100  50]
 [ 56  94]]
[[110  40]
 [ 51  99]]
[[118  32]
 [ 67  83]]
[[ 77  73]
 [ 34 116]]
[[ 87  63]
 [ 30 120]]
[[ 73  77]
 [ 22 128]]
[[ 80  70]
 [ 35 115]]
[[105  45]
 [ 51  99]]
[[ 91  59]
 [ 34 116]]
[[114  36]
 [ 64  86]]
[[ 88  62]
 [ 29 121]]
