[[ 82  13]
 [  7 512]]
[[ 84  11]
 [  9 510]]
[[ 80  15]
 [  6 513]]
[[ 81  14]
 [  9 510]]
[[ 82  13]
 [ 11 508]]
[[ 84  11]
 [ 13 506]]
[[ 77  18]
 [  7 512]]
[[ 74  21]
 [  4 515]]
[[ 73  22]
 [  4 515]]
[[ 72  23]
 [  4 515]]
[[ 74  21]
 [  7 512]]
[[ 73  22]
 [  6 513]]
[[ 79  16]
 [ 13 506]]
[[ 73  22]
 [  7 512]]
[[ 74  21]
 [  8 511]]
[[ 72  23]
 [  6 513]]
[[ 72  23]
 [  7 512]]
[[ 80  15]
 [ 15 504]]
[[ 68  27]
 [  4 515]]
[[ 88   7]
 [ 25 494]]
[[ 89   6]
 [ 29 490]]
[[  3  92]
 [  6 513]]
[[  8  87]
 [ 16 503]]
[[  7  88]
 [ 19 500]]
[[  4  91]
 [ 16 503]]
