[[ 63  32]
 [ 33 486]]
[[ 66  29]
 [ 59 460]]
[[ 73  22]
 [ 81 438]]
[[ 77  18]
 [ 87 432]]
[[ 76  19]
 [ 88 431]]
[[ 75  20]
 [ 97 422]]
[[ 79  16]
 [107 412]]
[[ 80  15]
 [113 406]]
[[ 79  16]
 [115 404]]
[[ 78  17]
 [115 404]]
[[ 74  21]
 [139 380]]
[[ 81  14]
 [146 373]]
[[ 80  15]
 [146 373]]
[[ 76  19]
 [144 375]]
[[ 85  10]
 [153 366]]
[[ 80  15]
 [152 367]]
[[ 84  11]
 [163 356]]
[[ 87   8]
 [179 340]]
[[ 87   8]
 [179 340]]
[[ 84  11]
 [196 323]]
[[ 86   9]
 [202 317]]
[[ 86   9]
 [213 306]]
[[ 85  10]
 [212 307]]
[[ 87   8]
 [214 305]]
[[ 88   7]
 [216 303]]
