[[148  52]
 [ 48 152]]
[[136  64]
 [ 36 164]]
[[147  53]
 [ 48 152]]
[[147  53]
 [ 48 152]]
[[147  53]
 [ 48 152]]
[[147  53]
 [ 48 152]]
[[147  53]
 [ 48 152]]
[[147  53]
 [ 48 152]]
[[154  46]
 [ 55 145]]
[[152  48]
 [ 56 144]]
[[139  61]
 [ 43 157]]
[[131  69]
 [ 37 163]]
[[131  69]
 [ 37 163]]
[[154  46]
 [ 63 137]]
[[147  53]
 [ 58 142]]
[[147  53]
 [ 58 142]]
[[147  53]
 [ 58 142]]
[[131  69]
 [ 42 158]]
[[129  71]
 [ 44 156]]
[[112  88]
 [ 31 169]]
[[ 87 113]
 [ 16 184]]
[[ 89 111]
 [ 28 172]]
[[ 83 117]
 [ 20 180]]
[[ 79 121]
 [ 24 176]]
[[ 73 127]
 [ 16 184]]
