[[216  21]
 [198  39]]
[[213  24]
 [201  36]]
[[206  31]
 [199  38]]
[[210  27]
 [202  35]]
[[219  18]
 [206  31]]
[[220  17]
 [207  30]]
[[204  33]
 [203  34]]
[[216  21]
 [208  29]]
[[215  22]
 [209  28]]
[[214  23]
 [209  28]]
[[214  23]
 [210  27]]
[[202  35]
 [206  31]]
[[211  26]
 [211  26]]
[[207  30]
 [211  26]]
[[217  20]
 [215  22]]
[[213  24]
 [214  23]]
[[224  13]
 [218  19]]
[[202  35]
 [211  26]]
[[210  27]
 [214  23]]
[[214  23]
 [216  21]]
[[213  24]
 [217  20]]
[[212  25]
 [217  20]]
[[214  23]
 [218  19]]
[[222  15]
 [223  14]]
[[203  34]
 [217  20]]
