[[227  73]
 [105 195]]
[[229  71]
 [107 193]]
[[227  73]
 [107 193]]
[[232  68]
 [112 188]]
[[222  78]
 [104 196]]
[[223  77]
 [105 195]]
[[223  77]
 [106 194]]
[[215  85]
 [ 99 201]]
[[201  99]
 [ 86 214]]
[[210  90]
 [ 98 202]]
[[235  65]
 [122 178]]
[[229  71]
 [117 183]]
[[229  71]
 [117 183]]
[[225  75]
 [116 184]]
[[231  69]
 [122 178]]
[[231  69]
 [127 173]]
[[228  72]
 [127 173]]
[[249  51]
 [149 151]]
[[226  74]
 [130 170]]
[[181 119]
 [ 89 211]]
[[230  70]
 [136 164]]
[[179 121]
 [ 87 213]]
[[221  79]
 [130 170]]
[[264  36]
 [175 125]]
[[272  28]
 [198 102]]
