[[146   4]
 [ 91  59]]
[[142   8]
 [ 95  55]]
[[145   5]
 [ 99  51]]
[[145   5]
 [ 99  51]]
[[138  12]
 [ 97  53]]
[[146   4]
 [102  48]]
[[140  10]
 [100  50]]
[[139  11]
 [101  49]]
[[144   6]
 [104  46]]
[[147   3]
 [106  44]]
[[145   5]
 [108  42]]
[[145   5]
 [110  40]]
[[143   7]
 [111  39]]
[[147   3]
 [116  34]]
[[141   9]
 [120  30]]
[[148   2]
 [128  22]]
[[147   3]
 [128  22]]
[[149   1]
 [130  20]]
[[146   4]
 [129  21]]
[[150   0]
 [132  18]]
[[148   2]
 [133  17]]
[[148   2]
 [133  17]]
[[148   2]
 [134  16]]
[[148   2]
 [134  16]]
[[148   2]
 [136  14]]
