[[ 12  28]
 [  7 153]]
[[ 12  28]
 [ 11 149]]
[[ 14  26]
 [ 17 143]]
[[ 15  25]
 [ 20 140]]
[[ 14  26]
 [ 20 140]]
[[ 11  29]
 [ 11 149]]
[[ 10  30]
 [  8 152]]
[[ 14  26]
 [ 21 139]]
[[ 11  29]
 [ 13 147]]
[[ 11  29]
 [ 13 147]]
[[ 17  23]
 [ 31 129]]
[[ 12  28]
 [ 18 142]]
[[ 13  27]
 [ 22 138]]
[[  9  31]
 [  9 151]]
[[  8  32]
 [  6 154]]
[[ 10  30]
 [ 14 146]]
[[  8  32]
 [  8 152]]
[[ 10  30]
 [ 16 144]]
[[  8  32]
 [  9 151]]
[[  6  34]
 [  3 157]]
[[  6  34]
 [  5 155]]
[[  6  34]
 [  6 154]]
[[  5  35]
 [  3 157]]
[[  5  35]
 [  3 157]]
[[  6  34]
 [  9 151]]
