[[ 34  33  28]
 [  5 442  72]
 [ 19 260 144]]
[[ 37  30  28]
 [  9 425  85]
 [ 24 242 157]]
[[ 16  29  50]
 [  9 404 106]
 [ 12 213 198]]
[[ 35  31  29]
 [  7 425  87]
 [ 18 249 156]]
[[ 15  35  45]
 [ 11 451  57]
 [  5 271 147]]
[[ 36  34  25]
 [  7 429  83]
 [ 17 258 148]]
[[ 15  35  45]
 [ 12 451  56]
 [  7 270 146]]
[[ 33  31  31]
 [  6 418  95]
 [ 18 245 160]]
[[  8  39  48]
 [  9 452  58]
 [  3 274 146]]
[[ 12  37  46]
 [  7 453  59]
 [  4 278 141]]
[[ 11  39  45]
 [ 13 446  60]
 [  7 269 147]]
[[ 38  34  23]
 [ 15 440  64]
 [ 39 260 124]]
[[  3  42  50]
 [  3 465  51]
 [  4 285 134]]
[[ 14  31  50]
 [  3 427  89]
 [ 20 244 159]]
[[  3  36  56]
 [ 10 430  79]
 [  3 253 167]]
[[  8  36  51]
 [ 10 428  81]
 [  6 256 161]]
[[ 11  35  49]
 [ 15 443  61]
 [ 29 253 141]]
[[ 35  31  29]
 [ 17 427  75]
 [ 31 263 129]]
[[  3  43  49]
 [ 10 448  61]
 [  7 285 131]]
[[ 40  34  21]
 [ 37 409  73]
 [ 66 225 132]]
[[ 39  33  23]
 [ 36 417  66]
 [ 58 247 118]]
[[  9  46  40]
 [ 14 467  38]
 [ 14 319  90]]
[[  6  34  55]
 [ 24 426  69]
 [ 60 253 110]]
[[  6  34  55]
 [ 19 434  66]
 [ 64 262  97]]
[[ 40  42  13]
 [ 58 429  32]
 [119 258  46]]
