[[131  19]
 [ 39 111]]
[[134  16]
 [ 42 108]]
[[131  19]
 [ 40 110]]
[[131  19]
 [ 42 108]]
[[125  25]
 [ 38 112]]
[[133  17]
 [ 46 104]]
[[126  24]
 [ 45 105]]
[[123  27]
 [ 43 107]]
[[123  27]
 [ 44 106]]
[[119  31]
 [ 42 108]]
[[129  21]
 [ 55  95]]
[[130  20]
 [ 57  93]]
[[117  33]
 [ 46 104]]
[[129  21]
 [ 58  92]]
[[121  29]
 [ 52  98]]
[[112  38]
 [ 48 102]]
[[114  36]
 [ 50 100]]
[[113  37]
 [ 62  88]]
[[101  49]
 [ 54  96]]
[[142   8]
 [ 92  58]]
[[145   5]
 [ 94  56]]
[[141   9]
 [ 95  55]]
[[148   2]
 [102  48]]
[[141   9]
 [102  48]]
[[148   2]
 [110  40]]
