[[210  90]
 [107 193]]
[[234  66]
 [131 169]]
[[190 110]
 [ 91 209]]
[[227  73]
 [127 173]]
[[198 102]
 [100 200]]
[[177 123]
 [ 80 220]]
[[177 123]
 [ 80 220]]
[[193 107]
 [ 97 203]]
[[212  88]
 [118 182]]
[[212  88]
 [118 182]]
[[214  86]
 [120 180]]
[[236  64]
 [141 159]]
[[ 84 216]
 [ 23 277]]
[[ 85 215]
 [ 28 272]]
[[ 81 219]
 [ 25 275]]
[[ 76 224]
 [ 16 284]]
[[ 73 227]
 [ 26 274]]
[[ 73 227]
 [ 26 274]]
[[ 67 233]
 [ 19 281]]
[[ 17 283]
 [  3 297]]
[[ 17 283]
 [  3 297]]
[[ 14 286]
 [  2 298]]
[[ 11 289]
 [  3 297]]
[[  9 291]
 [  2 298]]
[[  9 291]
 [  2 298]]
