[[130  20]
 [ 56  94]]
[[130  20]
 [ 56  94]]
[[130  20]
 [ 56  94]]
[[130  20]
 [ 56  94]]
[[130  20]
 [ 56  94]]
[[130  20]
 [ 56  94]]
[[138  12]
 [ 66  84]]
[[124  26]
 [ 70  80]]
[[141   9]
 [ 89  61]]
[[145   5]
 [ 92  58]]
[[136  14]
 [ 87  63]]
[[140  10]
 [ 91  59]]
[[140  10]
 [ 91  59]]
[[146   4]
 [ 99  51]]
[[145   5]
 [102  48]]
[[145   5]
 [102  48]]
[[145   5]
 [102  48]]
[[146   4]
 [103  47]]
[[144   6]
 [106  44]]
[[146   4]
 [110  40]]
[[147   3]
 [121  29]]
[[145   5]
 [121  29]]
[[147   3]
 [127  23]]
[[147   3]
 [133  17]]
[[147   3]
 [133  17]]
