[[ 48  47]
 [ 12 507]]
[[ 48  47]
 [ 12 507]]
[[ 49  46]
 [ 14 505]]
[[ 48  47]
 [ 14 505]]
[[ 50  45]
 [ 17 502]]
[[ 50  45]
 [ 17 502]]
[[ 48  47]
 [ 20 499]]
[[ 49  46]
 [ 22 497]]
[[ 48  47]
 [ 21 498]]
[[ 47  48]
 [ 20 499]]
[[ 49  46]
 [ 22 497]]
[[ 48  47]
 [ 21 498]]
[[ 41  54]
 [ 16 503]]
[[ 48  47]
 [ 23 496]]
[[ 47  48]
 [ 22 497]]
[[ 47  48]
 [ 24 495]]
[[ 43  52]
 [ 20 499]]
[[ 46  49]
 [ 24 495]]
[[ 47  48]
 [ 27 492]]
[[ 25  70]
 [ 20 499]]
[[ 24  71]
 [ 21 498]]
[[ 23  72]
 [ 21 498]]
[[ 58  37]
 [100 419]]
[[ 55  40]
 [ 98 421]]
[[ 59  36]
 [104 415]]
