[[ 35  24  36]
 [  3 360 156]
 [ 16 180 227]]
[[ 35  32  28]
 [ 14 420  85]
 [ 22 235 166]]
[[ 37  32  26]
 [  4 428  87]
 [ 15 253 155]]
[[ 34  33  28]
 [  5 442  72]
 [ 19 260 144]]
[[ 33  31  31]
 [  6 434  79]
 [ 18 252 153]]
[[ 37  30  28]
 [  9 425  85]
 [ 24 242 157]]
[[ 37  34  24]
 [  3 434  82]
 [ 16 263 144]]
[[ 31  31  33]
 [  5 425  89]
 [ 16 252 155]]
[[ 29  31  35]
 [  2 421  96]
 [ 16 249 158]]
[[ 32  35  28]
 [  4 443  72]
 [ 28 264 131]]
[[ 34  36  25]
 [  7 443  69]
 [ 43 261 119]]
[[ 36  38  21]
 [ 15 451  53]
 [ 58 283  82]]
[[ 34  28  33]
 [ 22 352 145]
 [ 63 204 156]]
[[ 39  29  27]
 [ 28 356 135]
 [ 69 211 143]]
[[ 40  32  23]
 [ 48 363 108]
 [ 86 228 109]]
[[ 42  32  21]
 [ 59 354 106]
 [ 90 219 114]]
[[ 40  22  33]
 [ 78 284 157]
 [104 154 165]]
[[ 41  22  32]
 [ 79 285 155]
 [104 166 153]]
[[ 39  24  32]
 [ 83 289 147]
 [110 166 147]]
[[ 39  26  30]
 [ 78 290 151]
 [113 166 144]]
[[ 41  24  30]
 [ 89 288 142]
 [136 154 133]]
[[ 40  27  28]
 [ 83 296 140]
 [142 160 121]]
[[ 40  25  30]
 [ 90 285 144]
 [139 155 129]]
[[ 40  24  31]
 [ 99 270 150]
 [137 144 142]]
[[ 42  26  27]
 [ 96 290 133]
 [142 167 114]]
