[[234  66]
 [111 189]]
[[227  73]
 [105 195]]
[[229  71]
 [107 193]]
[[229  71]
 [107 193]]
[[229  71]
 [107 193]]
[[215  85]
 [ 94 206]]
[[222  78]
 [102 198]]
[[222  78]
 [102 198]]
[[227  73]
 [107 193]]
[[230  70]
 [110 190]]
[[232  68]
 [112 188]]
[[230  70]
 [113 187]]
[[223  77]
 [107 193]]
[[206  94]
 [ 92 208]]
[[224  76]
 [112 188]]
[[200 100]
 [ 91 209]]
[[218  82]
 [112 188]]
[[189 111]
 [ 84 216]]
[[189 111]
 [ 93 207]]
[[189 111]
 [ 93 207]]
[[171 129]
 [ 77 223]]
[[159 141]
 [ 66 234]]
[[173 127]
 [ 83 217]]
[[177 123]
 [ 91 209]]
[[154 146]
 [ 75 225]]
