[[ 15  25]
 [ 13 147]]
[[ 12  28]
 [  7 153]]
[[ 13  27]
 [ 10 150]]
[[ 12  28]
 [  9 151]]
[[ 15  25]
 [ 18 142]]
[[ 12  28]
 [ 10 150]]
[[ 12  28]
 [ 10 150]]
[[ 12  28]
 [ 10 150]]
[[ 11  29]
 [  7 153]]
[[ 12  28]
 [ 11 149]]
[[ 11  29]
 [  8 152]]
[[ 14  26]
 [ 17 143]]
[[ 13  27]
 [ 15 145]]
[[ 11  29]
 [ 10 150]]
[[ 12  28]
 [ 15 145]]
[[ 12  28]
 [ 16 144]]
[[ 10  30]
 [ 10 150]]
[[ 11  29]
 [ 14 146]]
[[ 10  30]
 [ 15 145]]
[[  7  33]
 [  5 155]]
[[  8  32]
 [ 10 150]]
[[  7  33]
 [  7 153]]
[[  7  33]
 [  7 153]]
[[  6  34]
 [  6 154]]
[[  5  35]
 [  7 153]]
