[[ 96  13]
 [ 19 579]]
[[ 94  15]
 [ 19 579]]
[[ 90  19]
 [ 17 581]]
[[ 83  26]
 [ 10 588]]
[[ 81  28]
 [  9 589]]
[[ 84  25]
 [ 12 586]]
[[ 98  11]
 [ 29 569]]
[[ 79  30]
 [ 12 586]]
[[ 72  37]
 [  7 591]]
[[ 75  34]
 [ 12 586]]
[[ 68  41]
 [  8 590]]
[[ 68  41]
 [  9 589]]
[[ 69  40]
 [ 12 586]]
[[ 71  38]
 [ 25 573]]
[[ 54  55]
 [ 13 585]]
[[ 73  36]
 [ 34 564]]
[[ 51  58]
 [ 14 584]]
[[ 44  65]
 [  8 590]]
[[ 52  57]
 [ 18 580]]
[[ 37  72]
 [  5 593]]
[[ 27  82]
 [  6 592]]
[[ 23  86]
 [  4 594]]
[[ 20  89]
 [  3 595]]
[[  9 100]
 [  0 598]]
[[  6 103]
 [  0 598]]
