[[ 13  27]
 [ 11 149]]
[[ 15  25]
 [ 18 142]]
[[ 12  28]
 [ 10 150]]
[[ 18  22]
 [ 28 132]]
[[ 18  22]
 [ 28 132]]
[[ 12  28]
 [ 13 147]]
[[ 12  28]
 [ 13 147]]
[[ 11  29]
 [ 12 148]]
[[ 13  27]
 [ 19 141]]
[[ 10  30]
 [ 10 150]]
[[ 10  30]
 [ 10 150]]
[[ 12  28]
 [ 17 143]]
[[ 11  29]
 [ 14 146]]
[[ 17  23]
 [ 32 128]]
[[ 17  23]
 [ 33 127]]
[[ 13  27]
 [ 22 138]]
[[  9  31]
 [  9 151]]
[[ 25  15]
 [ 54 106]]
[[ 11  29]
 [ 19 141]]
[[ 11  29]
 [ 20 140]]
[[ 10  30]
 [ 19 141]]
[[  9  31]
 [ 19 141]]
[[ 10  30]
 [ 23 137]]
[[  6  34]
 [ 10 150]]
[[  8  32]
 [ 21 139]]
