[[200 100]
 [ 89 211]]
[[185 115]
 [ 75 225]]
[[163 137]
 [ 51 249]]
[[163 137]
 [ 51 249]]
[[173 127]
 [ 64 236]]
[[173 127]
 [ 64 236]]
[[166 134]
 [ 58 242]]
[[166 134]
 [ 58 242]]
[[166 134]
 [ 58 242]]
[[149 151]
 [ 45 255]]
[[158 142]
 [ 58 242]]
[[152 148]
 [ 53 247]]
[[130 170]
 [ 39 261]]
[[128 172]
 [ 38 262]]
[[129 171]
 [ 44 256]]
[[124 176]
 [ 38 262]]
[[113 187]
 [ 28 272]]
[[105 195]
 [ 27 273]]
[[105 195]
 [ 27 273]]
[[104 196]
 [ 27 273]]
[[104 196]
 [ 30 270]]
[[102 198]
 [ 27 273]]
[[102 198]
 [ 29 271]]
[[ 98 202]
 [ 27 273]]
[[ 92 208]
 [ 27 273]]
