[[ 48  47]
 [ 21 498]]
[[ 47  48]
 [ 20 499]]
[[ 48  47]
 [ 23 496]]
[[ 47  48]
 [ 22 497]]
[[ 46  49]
 [ 23 496]]
[[ 46  49]
 [ 23 496]]
[[ 46  49]
 [ 23 496]]
[[ 41  54]
 [ 19 500]]
[[ 46  49]
 [ 25 494]]
[[ 46  49]
 [ 28 491]]
[[ 46  49]
 [ 29 490]]
[[ 44  51]
 [ 27 492]]
[[ 36  59]
 [ 20 499]]
[[ 46  49]
 [ 30 489]]
[[ 46  49]
 [ 30 489]]
[[ 49  46]
 [ 33 486]]
[[ 49  46]
 [ 38 481]]
[[ 46  49]
 [ 37 482]]
[[ 51  44]
 [ 54 465]]
[[ 50  45]
 [ 67 452]]
[[ 60  35]
 [ 94 425]]
[[ 68  27]
 [196 323]]
[[ 74  21]
 [217 302]]
[[ 72  23]
 [216 303]]
[[ 79  16]
 [276 243]]
