[[234  66]
 [111 189]]
[[227  73]
 [105 195]]
[[229  71]
 [107 193]]
[[229  71]
 [107 193]]
[[229  71]
 [107 193]]
[[220  80]
 [101 199]]
[[223  77]
 [107 193]]
[[207  93]
 [ 92 208]]
[[209  91]
 [ 96 204]]
[[221  79]
 [108 192]]
[[236  64]
 [124 176]]
[[197 103]
 [ 89 211]]
[[197 103]
 [ 89 211]]
[[180 120]
 [ 71 229]]
[[205  95]
 [ 98 202]]
[[206  94]
 [100 200]]
[[216  84]
 [117 183]]
[[136 164]
 [ 38 262]]
[[182 118]
 [ 97 203]]
[[126 174]
 [ 40 260]]
[[152 148]
 [ 78 222]]
[[ 94 206]
 [ 24 276]]
[[ 73 227]
 [ 29 271]]
[[ 60 240]
 [ 10 290]]
[[ 59 241]
 [  9 291]]
