[[135 102]
 [108 129]]
[[135 102]
 [108 129]]
[[135 102]
 [108 129]]
[[135 102]
 [108 129]]
[[135 102]
 [108 129]]
[[135 102]
 [108 129]]
[[135 102]
 [108 129]]
[[135 102]
 [108 129]]
[[135 102]
 [108 129]]
[[135 102]
 [108 129]]
[[135 102]
 [108 129]]
[[135 102]
 [108 129]]
[[145  92]
 [119 118]]
[[145  92]
 [119 118]]
[[163  74]
 [145  92]]
[[163  74]
 [145  92]]
[[150  87]
 [138  99]]
[[105 132]
 [ 97 140]]
[[190  47]
 [174  63]]
[[190  47]
 [174  63]]
[[184  53]
 [173  64]]
[[184  53]
 [173  64]]
[[184  53]
 [173  64]]
[[184  53]
 [173  64]]
[[184  53]
 [173  64]]
