[[ 15  25]
 [ 13 147]]
[[ 16  24]
 [ 16 144]]
[[ 12  28]
 [  7 153]]
[[ 13  27]
 [ 10 150]]
[[ 13  27]
 [ 11 149]]
[[ 14  26]
 [ 15 145]]
[[ 12  28]
 [ 10 150]]
[[ 13  27]
 [ 15 145]]
[[ 18  22]
 [ 29 131]]
[[ 13  27]
 [ 16 144]]
[[ 19  21]
 [ 32 128]]
[[ 11  29]
 [ 10 150]]
[[ 12  28]
 [ 15 145]]
[[ 10  30]
 [  9 151]]
[[ 12  28]
 [ 16 144]]
[[  9  31]
 [  6 154]]
[[  9  31]
 [  9 151]]
[[  8  32]
 [  6 154]]
[[  7  33]
 [  5 155]]
[[  7  33]
 [  5 155]]
[[  6  34]
 [  7 153]]
[[  5  35]
 [  3 157]]
[[  5  35]
 [  4 156]]
[[  5  35]
 [  4 156]]
[[  3  37]
 [  2 158]]
