[[ 35  24  36]
 [  3 360 156]
 [ 16 180 227]]
[[ 34  33  28]
 [  5 442  72]
 [ 19 260 144]]
[[ 33  31  31]
 [  6 434  79]
 [ 18 252 153]]
[[ 37  30  28]
 [  9 425  85]
 [ 24 242 157]]
[[ 16  29  50]
 [  9 404 106]
 [ 12 213 198]]
[[ 33  28  34]
 [  7 426  86]
 [ 17 253 153]]
[[ 37  35  23]
 [  6 444  69]
 [ 35 259 129]]
[[ 36  32  27]
 [ 18 420  81]
 [ 27 245 151]]
[[  8  35  52]
 [ 13 431  75]
 [ 36 253 134]]
[[ 45  43   7]
 [ 17 481  21]
 [ 63 328  32]]
[[ 39  30  26]
 [ 49 408  62]
 [ 82 235 106]]
[[ 45  47   3]
 [ 15 489  15]
 [ 64 341  18]]
[[ 45  47   3]
 [ 16 488  15]
 [ 63 341  19]]
[[  3  34  58]
 [ 18 443  58]
 [ 63 257 103]]
[[ 43  46   6]
 [ 16 484  19]
 [ 62 339  22]]
[[ 23  47  25]
 [ 11 488  20]
 [ 50 345  28]]
[[ 32  60   3]
 [ 18 484  17]
 [ 31 372  20]]
[[  2  34  59]
 [ 22 438  59]
 [ 65 265  93]]
[[ 14  48  33]
 [ 10 487  22]
 [ 37 357  29]]
[[ 43  31  21]
 [ 78 386  55]
 [121 217  85]]
[[ 50  44   1]
 [ 47 457  15]
 [ 93 324   6]]
[[  8  37  50]
 [ 39 431  49]
 [ 80 277  66]]
[[ 52  42   1]
 [ 59 446  14]
 [101 316   6]]
[[ 54  40   1]
 [ 76 427  16]
 [119 298   6]]
[[ 53  41   1]
 [ 89 414  16]
 [158 259   6]]
