[[135 102]
 [108 129]]
[[135 102]
 [108 129]]
[[135 102]
 [108 129]]
[[135 102]
 [108 129]]
[[135 102]
 [108 129]]
[[135 102]
 [108 129]]
[[135 102]
 [108 129]]
[[135 102]
 [108 129]]
[[135 102]
 [108 129]]
[[135 102]
 [108 129]]
[[135 102]
 [108 129]]
[[135 102]
 [108 129]]
[[128 109]
 [104 133]]
[[128 109]
 [104 133]]
[[128 109]
 [104 133]]
[[128 109]
 [104 133]]
[[ 86 151]
 [ 65 172]]
[[106 131]
 [ 91 146]]
[[127 110]
 [115 122]]
[[127 110]
 [115 122]]
[[ 75 162]
 [ 53 184]]
[[140  97]
 [135 102]]
[[140  97]
 [135 102]]
[[ 80 157]
 [ 70 167]]
[[184  53]
 [173  64]]
