[[ 50  45]
 [ 17 502]]
[[ 50  45]
 [ 17 502]]
[[ 50  45]
 [ 17 502]]
[[ 50  45]
 [ 17 502]]
[[ 50  45]
 [ 17 502]]
[[ 48  47]
 [ 16 503]]
[[ 46  49]
 [ 17 502]]
[[ 49  46]
 [ 20 499]]
[[ 46  49]
 [ 17 502]]
[[ 46  49]
 [ 18 501]]
[[ 46  49]
 [ 18 501]]
[[ 49  46]
 [ 23 496]]
[[ 49  46]
 [ 24 495]]
[[ 49  46]
 [ 24 495]]
[[ 25  70]
 [ 19 500]]
[[ 23  72]
 [ 26 493]]
[[ 23  72]
 [ 26 493]]
[[ 13  82]
 [ 18 501]]
[[ 22  73]
 [ 30 489]]
[[ 14  81]
 [ 28 491]]
[[ 57  38]
 [101 418]]
[[ 60  35]
 [136 383]]
[[ 60  35]
 [136 383]]
[[ 58  37]
 [181 338]]
[[ 64  31]
 [219 300]]
