[[ 82  13]
 [  4 515]]
[[ 83  12]
 [  6 513]]
[[ 85  10]
 [  9 510]]
[[ 85  10]
 [  9 510]]
[[ 82  13]
 [  6 513]]
[[ 83  12]
 [  7 512]]
[[ 84  11]
 [  9 510]]
[[ 85  10]
 [ 10 509]]
[[ 81  14]
 [  7 512]]
[[ 84  11]
 [ 10 509]]
[[ 85  10]
 [ 13 506]]
[[ 84  11]
 [ 12 507]]
[[ 79  16]
 [  8 511]]
[[ 79  16]
 [  8 511]]
[[ 78  17]
 [  8 511]]
[[ 74  21]
 [  5 514]]
[[ 86   9]
 [ 17 502]]
[[ 83  12]
 [ 14 505]]
[[ 75  20]
 [  8 511]]
[[ 71  24]
 [  6 513]]
[[ 81  14]
 [ 18 501]]
[[ 67  28]
 [  8 511]]
[[ 65  30]
 [ 15 504]]
[[ 49  46]
 [  8 511]]
[[ 59  36]
 [ 57 462]]
