[[103   6]
 [ 19 579]]
[[104   5]
 [ 21 577]]
[[101   8]
 [ 19 579]]
[[ 92  17]
 [ 11 587]]
[[ 96  13]
 [ 15 583]]
[[102   7]
 [ 22 576]]
[[108   1]
 [ 28 570]]
[[ 97  12]
 [ 17 581]]
[[ 93  16]
 [ 14 584]]
[[ 92  17]
 [ 13 585]]
[[ 88  21]
 [ 11 587]]
[[100   9]
 [ 27 571]]
[[ 84  25]
 [ 14 584]]
[[ 86  23]
 [ 16 582]]
[[ 84  25]
 [ 17 581]]
[[105   4]
 [ 40 558]]
[[ 76  33]
 [ 19 579]]
[[103   6]
 [ 46 552]]
[[ 87  22]
 [ 32 566]]
[[ 63  46]
 [  9 589]]
[[ 82  27]
 [ 30 568]]
[[ 58  51]
 [ 13 585]]
[[ 72  37]
 [ 35 563]]
[[ 82  27]
 [ 46 552]]
[[ 43  66]
 [ 12 586]]
