[[109   0]
 [ 57 541]]
[[109   0]
 [ 65 533]]
[[109   0]
 [ 66 532]]
[[109   0]
 [ 66 532]]
[[109   0]
 [ 66 532]]
[[109   0]
 [ 66 532]]
[[109   0]
 [ 67 531]]
[[109   0]
 [ 68 530]]
[[109   0]
 [ 68 530]]
[[109   0]
 [ 69 529]]
[[109   0]
 [ 71 527]]
[[109   0]
 [ 81 517]]
[[109   0]
 [ 81 517]]
[[109   0]
 [ 81 517]]
[[109   0]
 [126 472]]
[[108   1]
 [129 469]]
[[108   1]
 [131 467]]
[[108   1]
 [131 467]]
[[109   0]
 [203 395]]
[[109   0]
 [209 389]]
[[109   0]
 [280 318]]
[[109   0]
 [287 311]]
[[109   0]
 [287 311]]
[[109   0]
 [303 295]]
[[109   0]
 [304 294]]
