[[111  39]
 [ 41 109]]
[[111  39]
 [ 41 109]]
[[111  39]
 [ 41 109]]
[[110  40]
 [ 41 109]]
[[109  41]
 [ 41 109]]
[[107  43]
 [ 40 110]]
[[107  43]
 [ 40 110]]
[[107  43]
 [ 40 110]]
[[106  44]
 [ 41 109]]
[[104  46]
 [ 40 110]]
[[104  46]
 [ 40 110]]
[[104  46]
 [ 40 110]]
[[104  46]
 [ 40 110]]
[[113  37]
 [ 49 101]]
[[103  47]
 [ 41 109]]
[[108  42]
 [ 47 103]]
[[108  42]
 [ 47 103]]
[[103  47]
 [ 44 106]]
[[106  44]
 [ 51  99]]
[[127  23]
 [ 72  78]]
[[ 98  52]
 [ 46 104]]
[[124  26]
 [ 71  79]]
[[125  25]
 [ 76  74]]
[[121  29]
 [ 75  75]]
[[121  29]
 [ 75  75]]
