0.6999699969997
0.6999699969997
0.6999699969997
0.6999699969997
0.6999699969997
0.6999699969997
0.6999699969997
0.6999699969997
0.6999699969997
0.6999699969997
0.6999699969997
0.6999699969997
0.6999699969997
0.6999699969997
0.6999699969997
0.6999699969997
0.6999699969997
0.6999699969997
0.6999699969997
0.7048155096935584
0.7048155096935584
0.7048155096935584
0.7048155096935584
0.7048155096935584
0.7048155096935584
0.7048155096935584
0.7048155096935584
0.7048155096935584
0.7048155096935584
0.7048155096935584
0.7048155096935584
0.7048155096935584
0.7048155096935584
0.7048155096935584
0.7048155096935584
0.7048155096935584
0.7048155096935584
0.7048155096935584
0.7146504467973267
0.7146504467973267
0.7146504467973267
0.7146504467973267
0.7146504467973267
0.7146504467973267
0.7146504467973267
0.7146504467973267
0.7146504467973267
0.7146504467973267
0.7146504467973267
0.7146504467973267
0.7146504467973267
0.7146504467973267
0.7146504467973267
0.7146504467973267
0.7146504467973267
0.7146504467973267
0.7146504467973267
0.7146504467973267
0.7146504467973267
0.7146504467973267
0.7146504467973267
0.7146504467973267
0.7146504467973267
0.7146504467973267
0.7146504467973267
0.7146504467973267
0.7146504467973267
0.7146504467973267
0.7146504467973267
