[[ 47  48]
 [ 22 497]]
[[ 46  49]
 [ 23 496]]
[[ 46  49]
 [ 23 496]]
[[ 46  49]
 [ 23 496]]
[[ 46  49]
 [ 23 496]]
[[ 46  49]
 [ 24 495]]
[[ 46  49]
 [ 24 495]]
[[ 45  50]
 [ 24 495]]
[[ 45  50]
 [ 25 494]]
[[ 47  48]
 [ 28 491]]
[[ 47  48]
 [ 29 490]]
[[ 47  48]
 [ 30 489]]
[[ 42  53]
 [ 25 494]]
[[ 47  48]
 [ 32 487]]
[[ 46  49]
 [ 31 488]]
[[ 46  49]
 [ 34 485]]
[[ 44  51]
 [ 36 483]]
[[ 45  50]
 [ 37 482]]
[[ 39  56]
 [ 34 485]]
[[ 29  66]
 [ 30 489]]
[[ 33  62]
 [ 35 484]]
[[ 31  64]
 [ 35 484]]
[[ 25  70]
 [ 33 486]]
[[ 72  23]
 [188 331]]
[[ 77  18]
 [196 323]]
