[[130  20]
 [ 56  94]]
[[130  20]
 [ 56  94]]
[[139  11]
 [ 68  82]]
[[139  11]
 [ 68  82]]
[[126  24]
 [ 57  93]]
[[120  30]
 [ 53  97]]
[[117  33]
 [ 52  98]]
[[117  33]
 [ 52  98]]
[[118  32]
 [ 61  89]]
[[114  36]
 [ 59  91]]
[[133  17]
 [ 75  75]]
[[137  13]
 [ 84  66]]
[[129  21]
 [ 79  71]]
[[129  21]
 [ 79  71]]
[[132  18]
 [ 83  67]]
[[136  14]
 [ 86  64]]
[[136  14]
 [ 86  64]]
[[140  10]
 [ 91  59]]
[[141   9]
 [ 96  54]]
[[145   5]
 [101  49]]
[[144   6]
 [102  48]]
[[144   6]
 [102  48]]
[[143   7]
 [102  48]]
[[146   4]
 [104  46]]
[[146   4]
 [120  30]]
