[[ 12  28]
 [ 11 149]]
[[ 14  26]
 [ 17 143]]
[[ 15  25]
 [ 20 140]]
[[ 11  29]
 [ 11 149]]
[[ 10  30]
 [  8 152]]
[[ 14  26]
 [ 22 138]]
[[  8  32]
 [  3 157]]
[[ 13  27]
 [ 20 140]]
[[ 11  29]
 [ 15 145]]
[[  8  32]
 [  6 154]]
[[ 10  30]
 [ 16 144]]
[[  8  32]
 [  9 151]]
[[  8  32]
 [ 11 149]]
[[ 12  28]
 [ 26 134]]
[[  7  33]
 [  8 152]]
[[  6  34]
 [  6 154]]
[[  8  32]
 [ 16 144]]
[[  7  33]
 [ 12 148]]
[[  7  33]
 [ 12 148]]
[[  5  35]
 [  3 157]]
[[  9  31]
 [ 22 138]]
[[  5  35]
 [  6 154]]
[[  5  35]
 [  7 153]]
[[  7  33]
 [ 18 142]]
[[  5  35]
 [ 10 150]]
