0.7685185185185185
0.7521367521367521
0.75
0.7443946188340808
0.7222222222222222
0.7219512195121951
0.7186147186147186
0.7155963302752294
0.7136563876651982
0.7135678391959799
0.7064676616915423
0.7058823529411765
0.6953405017921147
0.6948356807511737
0.6868686868686869
0.6796116504854369
0.6758620689655173
0.673469387755102
0.6666666666666666
0.6632653061224489
0.6596858638743456
0.6444444444444445
0.6404494382022472
0.6081871345029239
0.6019417475728155
0.588957055214724
0.5777777777777777
0.5521472392638037
0.5508982035928144
0.5228758169934641
0.5165562913907285
0.4931506849315068
0.4713375796178344
0.3880597014925373
0.37037037037037035
