0.8958333333333333
0.7916666666666667
0.7916666666666667
0.7916666666666667
0.8901098901098901
0.8901098901098901
0.7493734335839599
0.8465473145780051
0.8958333333333333
0.797979797979798
0.797979797979798
0.797979797979798
0.797979797979798
0.797979797979798
0.797979797979798
0.797979797979798
0.8465473145780051
0.797979797979798
0.8465473145780051
0.7916666666666667
0.7442455242966752
0.696969696969697
0.7333333333333334
0.696969696969697
0.7150997150997151
0.7150997150997151
0.696969696969697
0.7333333333333334
0.7442455242966752
0.7333333333333334
0.8400000000000001
