0.724938111074992
0.724938111074992
0.724938111074992
0.724938111074992
0.724938111074992
0.7282608695652174
0.7348342714196372
0.7348342714196372
0.7348342714196372
0.7398959583833533
0.7398959583833533
0.7444825772188681
0.7444825772188681
0.7444825772188681
0.7444825772188681
0.744993624840621
0.744993624840621
0.744993624840621
0.744993624840621
0.744993624840621
0.7487689679429204
0.7487689679429204
0.7487689679429204
0.7487689679429204
0.7527687378591791
0.7527687378591791
0.7527687378591791
0.7527687378591791
0.7527687378591791
0.7527687378591791
0.7527687378591791
0.7527687378591791
0.7527687378591791
0.7527687378591791
0.7527687378591791
