[[180 120]
 [ 61 239]]
[[180 120]
 [ 61 239]]
[[174 126]
 [ 55 245]]
[[155 145]
 [ 43 257]]
[[158 142]
 [ 48 252]]
[[158 142]
 [ 48 252]]
[[152 148]
 [ 41 259]]
[[152 148]
 [ 41 259]]
[[140 160]
 [ 34 266]]
[[140 160]
 [ 34 266]]
[[130 170]
 [ 35 265]]
[[132 168]
 [ 39 261]]
[[132 168]
 [ 39 261]]
[[129 171]
 [ 37 263]]
[[127 173]
 [ 35 265]]
[[109 191]
 [ 31 269]]
[[103 197]
 [ 30 270]]
[[ 84 216]
 [ 13 287]]
[[ 76 224]
 [ 15 285]]
[[ 75 225]
 [ 14 286]]
[[ 72 228]
 [ 13 287]]
[[ 44 256]
 [  7 293]]
[[ 44 256]
 [  8 292]]
[[ 44 256]
 [  8 292]]
[[ 21 279]
 [  0 300]]
