[[109   0]
 [ 31 567]]
[[109   0]
 [ 33 565]]
[[109   0]
 [ 33 565]]
[[109   0]
 [ 35 563]]
[[109   0]
 [ 35 563]]
[[109   0]
 [ 37 561]]
[[109   0]
 [ 37 561]]
[[109   0]
 [ 37 561]]
[[109   0]
 [ 37 561]]
[[109   0]
 [ 38 560]]
[[109   0]
 [ 40 558]]
[[109   0]
 [ 40 558]]
[[109   0]
 [ 41 557]]
[[109   0]
 [ 41 557]]
[[109   0]
 [ 47 551]]
[[109   0]
 [ 48 550]]
[[109   0]
 [ 50 548]]
[[109   0]
 [ 50 548]]
[[109   0]
 [ 51 547]]
[[109   0]
 [ 52 546]]
[[109   0]
 [ 67 531]]
[[109   0]
 [ 77 521]]
[[109   0]
 [ 78 520]]
[[109   0]
 [ 79 519]]
[[109   0]
 [ 82 516]]
