[[40 60]
 [ 8 92]]
[[38 62]
 [ 9 91]]
[[17 83]
 [ 1 99]]
[[16 84]
 [ 1 99]]
[[16 84]
 [ 1 99]]
[[15 85]
 [ 3 97]]
[[14 86]
 [ 1 99]]
[[14 86]
 [ 2 98]]
[[14 86]
 [ 2 98]]
[[12 88]
 [ 1 99]]
[[11 89]
 [ 1 99]]
[[10 90]
 [ 2 98]]
[[ 7 93]
 [ 3 97]]
[[ 5 95]
 [ 1 99]]
[[  2  98]
 [  0 100]]
[[  1  99]
 [  0 100]]
[[  0 100]
 [  0 100]]
[[  0 100]
 [  0 100]]
[[  0 100]
 [  0 100]]
[[  0 100]
 [  0 100]]
[[  0 100]
 [  0 100]]
[[  0 100]
 [  0 100]]
[[  0 100]
 [  0 100]]
[[  0 100]
 [  0 100]]
[[  0 100]
 [  1  99]]
