[[ 15  25]
 [ 13 147]]
[[ 12  28]
 [  7 153]]
[[ 13  27]
 [ 10 150]]
[[ 13  27]
 [ 11 149]]
[[ 13  27]
 [ 11 149]]
[[ 15  25]
 [ 17 143]]
[[ 12  28]
 [  9 151]]
[[ 15  25]
 [ 18 142]]
[[ 15  25]
 [ 18 142]]
[[ 12  28]
 [ 14 146]]
[[ 11  29]
 [ 12 148]]
[[ 12  28]
 [ 16 144]]
[[  9  31]
 [  6 154]]
[[ 10  30]
 [ 10 150]]
[[ 10  30]
 [ 10 150]]
[[ 10  30]
 [ 11 149]]
[[  9  31]
 [  8 152]]
[[  8  32]
 [  5 155]]
[[  9  31]
 [  9 151]]
[[ 10  30]
 [ 14 146]]
[[  8  32]
 [  7 153]]
[[  8  32]
 [  7 153]]
[[  6  34]
 [  5 155]]
[[  8  32]
 [ 14 146]]
[[  6  34]
 [  9 151]]
