0.4547800636392182
0.43796760463537876
0.42136160618743757
0.44253488930265406
0.44517098232346874
0.4403873292702534
0.43202174692291667
0.44367725091073834
0.43204237522468725
0.44627700127070247
0.4635102080072404
0.4441558740890059
0.4774919556457652
0.4665080623813966
0.4715285963388006
0.4787591398871537
0.4641649291998333
0.4504833513594887
0.4561367687805601
0.44732583742578813
0.4622210014195355
0.4826227748617753
0.4524530027214191
0.46112127050378016
0.47187938705988297
0.4540499000520323
0.44587811062778426
0.45127671709721917
0.4514866662583946
0.4457867600018822
0.46046107550805193
0.454565004612429
