[[ 78  17]
 [ 97 422]]
[[ 79  16]
 [101 418]]
[[ 78  17]
 [103 416]]
[[ 77  18]
 [107 412]]
[[ 83  12]
 [114 405]]
[[ 77  18]
 [112 407]]
[[ 77  18]
 [112 407]]
[[ 82  13]
 [117 402]]
[[ 83  12]
 [120 399]]
[[ 84  11]
 [121 398]]
[[ 87   8]
 [131 388]]
[[ 84  11]
 [133 386]]
[[ 85  10]
 [136 383]]
[[ 81  14]
 [133 386]]
[[ 87   8]
 [140 379]]
[[ 81  14]
 [134 385]]
[[ 78  17]
 [131 388]]
[[ 87   8]
 [145 374]]
[[ 87   8]
 [148 371]]
[[ 82  13]
 [152 367]]
[[ 88   7]
 [165 354]]
[[ 84  11]
 [166 353]]
[[ 84  11]
 [169 350]]
[[ 89   6]
 [174 345]]
[[ 79  16]
 [174 345]]
