[[138 162]
 [ 40 260]]
[[126 174]
 [ 34 266]]
[[124 176]
 [ 32 268]]
[[124 176]
 [ 32 268]]
[[121 179]
 [ 28 272]]
[[127 173]
 [ 37 263]]
[[125 175]
 [ 38 262]]
[[127 173]
 [ 43 257]]
[[115 185]
 [ 26 274]]
[[118 182]
 [ 34 266]]
[[114 186]
 [ 29 271]]
[[115 185]
 [ 35 265]]
[[108 192]
 [ 26 274]]
[[117 183]
 [ 43 257]]
[[117 183]
 [ 43 257]]
[[107 193]
 [ 31 269]]
[[123 177]
 [ 59 241]]
[[123 177]
 [ 59 241]]
[[113 187]
 [ 53 247]]
[[ 88 212]
 [ 19 281]]
[[ 88 212]
 [ 19 281]]
[[ 97 203]
 [ 40 260]]
[[ 79 221]
 [ 14 286]]
[[ 80 220]
 [ 20 280]]
[[ 89 211]
 [ 38 262]]
