[[ 15  35  45]
 [ 11 451  57]
 [  5 271 147]]
[[ 15  35  45]
 [ 12 451  56]
 [  7 270 146]]
[[ 15  36  44]
 [ 10 452  57]
 [  4 276 143]]
[[ 15  37  43]
 [ 12 451  56]
 [  3 276 144]]
[[ 15  37  43]
 [ 12 451  56]
 [  3 276 144]]
[[ 16  26  53]
 [ 15 403 101]
 [ 13 219 191]]
[[ 12  36  47]
 [  9 457  53]
 [  4 278 141]]
[[ 12  36  47]
 [  9 457  53]
 [  4 278 141]]
[[ 15  36  44]
 [ 10 452  57]
 [  4 276 143]]
[[ 12  37  46]
 [  7 453  59]
 [  4 278 141]]
[[  7  36  52]
 [ 12 428  79]
 [  4 249 170]]
[[  7  36  52]
 [ 12 428  79]
 [  4 249 170]]
[[  3  36  56]
 [  3 432  84]
 [  3 254 166]]
[[  4  36  55]
 [  5 433  81]
 [  3 259 161]]
[[  3  36  56]
 [  8 429  82]
 [  3 255 165]]
[[  9  33  53]
 [ 11 419  89]
 [ 10 246 167]]
[[ 16  30  49]
 [ 21 405  93]
 [ 17 234 172]]
[[  7  44  44]
 [ 10 450  59]
 [  3 287 133]]
[[  4  38  53]
 [  4 407 108]
 [  1 249 173]]
[[  0  39  56]
 [ 10 403 106]
 [  3 254 166]]
[[ 11  34  50]
 [ 20 404  95]
 [ 16 260 147]]
[[  5  33  57]
 [ 34 401  84]
 [ 15 254 154]]
[[  7  34  54]
 [ 20 390 109]
 [  8 254 161]]
[[  6  35  54]
 [ 20 403  96]
 [  9 265 149]]
[[  7  34  54]
 [ 23 389 107]
 [ 10 256 157]]
