[[ 82  13]
 [  4 515]]
[[ 85  10]
 [  9 510]]
[[ 82  13]
 [  6 513]]
[[ 83  12]
 [  7 512]]
[[ 84  11]
 [  9 510]]
[[ 84  11]
 [ 10 509]]
[[ 87   8]
 [ 14 505]]
[[ 80  15]
 [  8 511]]
[[ 84  11]
 [ 12 507]]
[[ 87   8]
 [ 15 504]]
[[ 85  10]
 [ 14 505]]
[[ 85  10]
 [ 14 505]]
[[ 85  10]
 [ 15 504]]
[[ 79  16]
 [  9 510]]
[[ 79  16]
 [  9 510]]
[[ 82  13]
 [ 13 506]]
[[ 75  20]
 [  6 513]]
[[ 69  26]
 [  6 513]]
[[ 67  28]
 [  5 514]]
[[ 66  29]
 [  5 514]]
[[ 72  23]
 [ 12 507]]
[[ 61  34]
 [  3 516]]
[[ 68  27]
 [ 13 506]]
[[ 57  38]
 [  3 516]]
[[ 54  41]
 [  5 514]]
