[[148  52]
 [ 48 152]]
[[136  64]
 [ 36 164]]
[[136  64]
 [ 36 164]]
[[136  64]
 [ 36 164]]
[[136  64]
 [ 36 164]]
[[148  52]
 [ 52 148]]
[[124  76]
 [ 32 168]]
[[133  67]
 [ 43 157]]
[[115  85]
 [ 27 173]]
[[119  81]
 [ 32 168]]
[[124  76]
 [ 40 160]]
[[115  85]
 [ 31 169]]
[[121  79]
 [ 43 157]]
[[111  89]
 [ 37 163]]
[[ 98 102]
 [ 26 174]]
[[ 92 108]
 [ 22 178]]
[[ 91 109]
 [ 29 171]]
[[ 67 133]
 [ 15 185]]
[[ 63 137]
 [ 17 183]]
[[ 55 145]
 [ 14 186]]
[[ 48 152]
 [  9 191]]
[[ 48 152]
 [ 11 189]]
[[ 51 149]
 [ 18 182]]
[[ 43 157]
 [ 13 187]]
[[ 32 168]
 [ 13 187]]
