[[111  39]
 [ 41 109]]
[[111  39]
 [ 41 109]]
[[110  40]
 [ 41 109]]
[[109  41]
 [ 41 109]]
[[109  41]
 [ 41 109]]
[[109  41]
 [ 41 109]]
[[106  44]
 [ 38 112]]
[[108  42]
 [ 41 109]]
[[107  43]
 [ 41 109]]
[[107  43]
 [ 41 109]]
[[107  43]
 [ 46 104]]
[[107  43]
 [ 48 102]]
[[107  43]
 [ 48 102]]
[[ 89  61]
 [ 30 120]]
[[102  48]
 [ 44 106]]
[[102  48]
 [ 45 105]]
[[105  45]
 [ 48 102]]
[[101  49]
 [ 44 106]]
[[101  49]
 [ 45 105]]
[[107  43]
 [ 51  99]]
[[ 99  51]
 [ 43 107]]
[[ 99  51]
 [ 43 107]]
[[ 87  63]
 [ 33 117]]
[[ 89  61]
 [ 40 110]]
[[ 89  61]
 [ 40 110]]
