[[232  68]
 [112 188]]
[[223  77]
 [106 194]]
[[211  89]
 [ 96 204]]
[[200 100]
 [ 89 211]]
[[171 129]
 [ 58 242]]
[[185 115]
 [ 75 225]]
[[163 137]
 [ 51 249]]
[[163 137]
 [ 51 249]]
[[163 137]
 [ 51 249]]
[[166 134]
 [ 56 244]]
[[215  85]
 [109 191]]
[[158 142]
 [ 50 250]]
[[153 147]
 [ 50 250]]
[[164 136]
 [ 64 236]]
[[153 147]
 [ 51 249]]
[[157 143]
 [ 56 244]]
[[151 149]
 [ 53 247]]
[[135 165]
 [ 38 262]]
[[155 145]
 [ 67 233]]
[[121 179]
 [ 37 263]]
[[100 200]
 [ 29 271]]
[[ 96 204]
 [ 31 269]]
[[ 93 207]
 [ 33 267]]
[[ 91 209]
 [ 31 269]]
[[ 77 223]
 [ 36 264]]
