[[234  66]
 [111 189]]
[[234  66]
 [111 189]]
[[227  73]
 [105 195]]
[[229  71]
 [107 193]]
[[229  71]
 [107 193]]
[[229  71]
 [107 193]]
[[229  71]
 [107 193]]
[[229  71]
 [107 193]]
[[212  88]
 [ 92 208]]
[[226  74]
 [108 192]]
[[231  69]
 [118 182]]
[[183 117]
 [ 71 229]]
[[183 117]
 [ 71 229]]
[[183 117]
 [ 71 229]]
[[198 102]
 [ 90 210]]
[[179 121]
 [ 70 230]]
[[217  83]
 [113 187]]
[[226  74]
 [122 178]]
[[226  74]
 [122 178]]
[[226  74]
 [122 178]]
[[214  86]
 [111 189]]
[[214  86]
 [111 189]]
[[218  82]
 [116 184]]
[[159 141]
 [ 60 240]]
[[159 141]
 [ 60 240]]
