[[ 47  48]
 [  5 514]]
[[ 49  46]
 [  9 510]]
[[ 50  45]
 [ 10 509]]
[[ 43  52]
 [  4 515]]
[[ 45  50]
 [  7 512]]
[[ 47  48]
 [ 10 509]]
[[ 49  46]
 [ 13 506]]
[[ 45  50]
 [  9 510]]
[[ 43  52]
 [  7 512]]
[[ 40  55]
 [  6 513]]
[[ 46  49]
 [ 15 504]]
[[ 55  40]
 [ 26 493]]
[[ 40  55]
 [ 13 506]]
[[ 60  35]
 [ 33 486]]
[[ 37  58]
 [ 12 507]]
[[ 30  65]
 [  6 513]]
[[ 36  59]
 [ 12 507]]
[[ 24  71]
 [  1 518]]
[[ 37  58]
 [ 15 504]]
[[ 21  74]
 [  2 517]]
[[ 26  69]
 [  9 510]]
[[ 19  76]
 [  8 511]]
[[ 21  74]
 [ 11 508]]
[[ 12  83]
 [  5 514]]
[[ 11  84]
 [  5 514]]
