[[109   0]
 [ 52 546]]
[[109   0]
 [ 53 545]]
[[109   0]
 [ 53 545]]
[[109   0]
 [ 56 542]]
[[109   0]
 [ 56 542]]
[[109   0]
 [ 57 541]]
[[109   0]
 [ 57 541]]
[[109   0]
 [ 57 541]]
[[109   0]
 [ 57 541]]
[[109   0]
 [ 58 540]]
[[109   0]
 [ 63 535]]
[[109   0]
 [ 70 528]]
[[109   0]
 [ 72 526]]
[[109   0]
 [ 74 524]]
[[109   0]
 [ 80 518]]
[[109   0]
 [ 91 507]]
[[109   0]
 [104 494]]
[[109   0]
 [129 469]]
[[109   0]
 [145 453]]
[[109   0]
 [148 450]]
[[109   0]
 [148 450]]
[[109   0]
 [259 339]]
[[109   0]
 [289 309]]
[[109   0]
 [291 307]]
[[109   0]
 [322 276]]
