[[ 57  38]
 [ 22 497]]
[[ 57  38]
 [ 22 497]]
[[ 57  38]
 [ 22 497]]
[[ 57  38]
 [ 22 497]]
[[ 59  36]
 [ 25 494]]
[[ 59  36]
 [ 25 494]]
[[ 59  36]
 [ 26 493]]
[[ 58  37]
 [ 25 494]]
[[ 58  37]
 [ 25 494]]
[[ 58  37]
 [ 25 494]]
[[ 59  36]
 [ 28 491]]
[[ 56  39]
 [ 29 490]]
[[ 59  36]
 [ 33 486]]
[[ 53  42]
 [ 27 492]]
[[ 52  43]
 [ 34 485]]
[[ 48  47]
 [ 31 488]]
[[ 32  63]
 [ 17 502]]
[[ 25  70]
 [ 15 504]]
[[ 24  71]
 [ 18 501]]
[[ 18  77]
 [ 12 507]]
[[ 15  80]
 [ 12 507]]
[[ 17  78]
 [ 18 501]]
[[ 17  78]
 [ 18 501]]
[[ 17  78]
 [ 18 501]]
[[ 14  81]
 [ 17 502]]
