[[ 50  45]
 [ 17 502]]
[[ 50  45]
 [ 17 502]]
[[ 50  45]
 [ 17 502]]
[[ 50  45]
 [ 17 502]]
[[ 50  45]
 [ 17 502]]
[[ 46  49]
 [ 19 500]]
[[ 48  47]
 [ 21 498]]
[[ 48  47]
 [ 21 498]]
[[ 50  45]
 [ 25 494]]
[[ 47  48]
 [ 23 496]]
[[ 49  46]
 [ 26 493]]
[[ 47  48]
 [ 24 495]]
[[ 46  49]
 [ 23 496]]
[[ 49  46]
 [ 27 492]]
[[ 34  61]
 [ 19 500]]
[[ 29  66]
 [ 19 500]]
[[ 28  67]
 [ 22 497]]
[[ 46  49]
 [ 42 477]]
[[  5  90]
 [ 12 507]]
[[ 51  44]
 [ 64 455]]
[[ 59  36]
 [108 411]]
[[ 55  40]
 [104 415]]
[[ 55  40]
 [121 398]]
[[ 87   8]
 [326 193]]
[[ 89   6]
 [367 152]]
