[[ 42 258]
 [  6 294]]
[[ 72 228]
 [ 13 287]]
[[127 173]
 [ 37 263]]
[[ 63 237]
 [  5 295]]
[[116 184]
 [ 28 272]]
[[126 174]
 [ 34 266]]
[[115 185]
 [ 26 274]]
[[ 55 245]
 [  6 294]]
[[ 64 236]
 [  7 293]]
[[ 69 231]
 [  7 293]]
[[124 176]
 [ 32 268]]
[[118 182]
 [ 36 264]]
[[ 53 247]
 [  4 296]]
[[ 53 247]
 [  8 292]]
[[ 63 237]
 [  4 296]]
[[138 162]
 [ 40 260]]
[[ 42 258]
 [  6 294]]
[[ 68 232]
 [ 11 289]]
[[ 48 252]
 [  7 293]]
[[ 63 237]
 [  7 293]]
[[ 75 225]
 [ 13 287]]
[[ 49 251]
 [  6 294]]
[[ 85 215]
 [ 16 284]]
[[ 54 246]
 [  2 298]]
[[101 199]
 [ 25 275]]
