[[135 102]
 [108 129]]
[[135 102]
 [108 129]]
[[135 102]
 [108 129]]
[[135 102]
 [108 129]]
[[135 102]
 [108 129]]
[[135 102]
 [108 129]]
[[135 102]
 [108 129]]
[[135 102]
 [108 129]]
[[135 102]
 [108 129]]
[[153  84]
 [132 105]]
[[153  84]
 [132 105]]
[[156  81]
 [136 101]]
[[156  81]
 [136 101]]
[[114 123]
 [ 97 140]]
[[145  92]
 [128 109]]
[[145  92]
 [128 109]]
[[ 99 138]
 [ 87 150]]
[[ 77 160]
 [ 65 172]]
[[184  53]
 [173  64]]
[[184  53]
 [173  64]]
[[184  53]
 [173  64]]
[[217  20]
 [215  22]]
[[219  18]
 [216  21]]
[[221  16]
 [221  16]]
[[232   5]
 [230   7]]
