[[  2  38]
 [  1 159]]
[[  2  38]
 [  3 157]]
[[  5  35]
 [  7 153]]
[[  1  39]
 [  2 158]]
[[  4  36]
 [  7 153]]
[[  2  38]
 [  2 158]]
[[  2  38]
 [  1 159]]
[[  5  35]
 [  7 153]]
[[  4  36]
 [  4 156]]
[[  2  38]
 [  3 157]]
[[  4  36]
 [  6 154]]
[[  3  37]
 [  2 158]]
[[  1  39]
 [  1 159]]
[[  7  33]
 [ 10 150]]
[[  8  32]
 [ 16 144]]
[[  2  38]
 [  2 158]]
[[  5  35]
 [  7 153]]
[[  2  38]
 [  1 159]]
[[  4  36]
 [  1 159]]
[[  2  38]
 [  1 159]]
[[  4  36]
 [  6 154]]
[[  4  36]
 [  7 153]]
[[  4  36]
 [  8 152]]
[[  4  36]
 [  7 153]]
[[  5  35]
 [  7 153]]
