[[131  19]
 [ 39 111]]
[[131  19]
 [ 40 110]]
[[125  25]
 [ 38 112]]
[[133  17]
 [ 46 104]]
[[115  35]
 [ 29 121]]
[[126  24]
 [ 40 110]]
[[127  23]
 [ 43 107]]
[[124  26]
 [ 41 109]]
[[120  30]
 [ 45 105]]
[[115  35]
 [ 46 104]]
[[116  34]
 [ 53  97]]
[[115  35]
 [ 58  92]]
[[115  35]
 [ 58  92]]
[[144   6]
 [ 82  68]]
[[ 88  62]
 [ 32 118]]
[[109  41]
 [ 56  94]]
[[143   7]
 [ 87  63]]
[[128  22]
 [ 77  73]]
[[124  26]
 [ 75  75]]
[[103  47]
 [ 57  93]]
[[144   6]
 [ 95  55]]
[[150   0]
 [102  48]]
[[149   1]
 [107  43]]
[[148   2]
 [119  31]]
[[147   3]
 [127  23]]
