[[109   0]
 [ 28 570]]
[[109   0]
 [ 28 570]]
[[109   0]
 [ 29 569]]
[[109   0]
 [ 29 569]]
[[109   0]
 [ 30 568]]
[[109   0]
 [ 31 567]]
[[109   0]
 [ 33 565]]
[[109   0]
 [ 39 559]]
[[109   0]
 [ 51 547]]
[[109   0]
 [ 65 533]]
[[109   0]
 [ 70 528]]
[[109   0]
 [ 88 510]]
[[109   0]
 [ 89 509]]
[[109   0]
 [ 93 505]]
[[109   0]
 [ 97 501]]
[[109   0]
 [104 494]]
[[109   0]
 [117 481]]
[[109   0]
 [129 469]]
[[109   0]
 [135 463]]
[[109   0]
 [142 456]]
[[109   0]
 [148 450]]
[[109   0]
 [158 440]]
[[109   0]
 [254 344]]
[[109   0]
 [308 290]]
[[109   0]
 [325 273]]
