[[  0 142]
 [  0 142]]
[[ 44  98]
 [ 41 101]]
[[99 43]
 [86 56]]
[[ 17 125]
 [ 12 130]]
[[110  32]
 [100  42]]
[[118  24]
 [103  39]]
[[ 14 128]
 [ 10 132]]
[[ 43  99]
 [ 38 104]]
[[  8 134]
 [  5 137]]
[[121  21]
 [117  25]]
[[ 18 124]
 [ 12 130]]
[[ 23 119]
 [ 15 127]]
[[  1 141]
 [  0 142]]
[[119  23]
 [106  36]]
[[  4 138]
 [  1 141]]
[[75 67]
 [64 78]]
[[127  15]
 [122  20]]
[[ 17 125]
 [ 13 129]]
[[118  24]
 [109  33]]
[[ 11 131]
 [ 12 130]]
[[  6 136]
 [  4 138]]
[[124  18]
 [111  31]]
[[ 30 112]
 [ 35 107]]
[[  3 139]
 [  0 142]]
[[  0 142]
 [  0 142]]
