[[ 69  26]
 [107 412]]
[[ 70  25]
 [112 407]]
[[ 75  20]
 [125 394]]
[[ 77  18]
 [127 392]]
[[ 80  15]
 [133 386]]
[[ 84  11]
 [149 370]]
[[ 78  17]
 [144 375]]
[[ 82  13]
 [152 367]]
[[ 77  18]
 [147 372]]
[[ 82  13]
 [153 366]]
[[ 76  19]
 [147 372]]
[[ 79  16]
 [155 364]]
[[ 75  20]
 [163 356]]
[[ 85  10]
 [173 346]]
[[ 86   9]
 [180 339]]
[[ 82  13]
 [180 339]]
[[ 90   5]
 [201 318]]
[[ 86   9]
 [204 315]]
[[ 86   9]
 [204 315]]
[[ 90   5]
 [216 303]]
[[ 86   9]
 [214 305]]
[[ 89   6]
 [218 301]]
[[ 86   9]
 [216 303]]
[[ 90   5]
 [241 278]]
[[ 92   3]
 [249 270]]
