[[ 69  26]
 [107 412]]
[[ 70  25]
 [112 407]]
[[ 75  20]
 [125 394]]
[[ 77  18]
 [127 392]]
[[ 80  15]
 [133 386]]
[[ 76  19]
 [142 377]]
[[ 80  15]
 [148 371]]
[[ 85  10]
 [156 363]]
[[ 83  12]
 [155 364]]
[[ 74  21]
 [146 373]]
[[ 76  19]
 [149 370]]
[[ 84  11]
 [158 361]]
[[ 78  17]
 [156 363]]
[[ 84  11]
 [166 353]]
[[ 88   7]
 [179 340]]
[[ 86   9]
 [178 341]]
[[ 90   5]
 [212 307]]
[[ 89   6]
 [212 307]]
[[ 86   9]
 [212 307]]
[[ 86   9]
 [212 307]]
[[ 86   9]
 [212 307]]
[[ 89   6]
 [226 293]]
[[ 93   2]
 [234 285]]
[[ 89   6]
 [240 279]]
[[ 91   4]
 [253 266]]
