[[323 177]
 [107 393]]
[[323 177]
 [107 393]]
[[349 151]
 [136 364]]
[[349 151]
 [136 364]]
[[337 163]
 [128 372]]
[[368 132]
 [160 340]]
[[368 132]
 [160 340]]
[[358 142]
 [151 349]]
[[372 128]
 [171 329]]
[[372 128]
 [171 329]]
[[343 157]
 [145 355]]
[[378 122]
 [180 320]]
[[360 140]
 [172 328]]
[[389 111]
 [201 299]]
[[383 117]
 [198 302]]
[[409  91]
 [223 277]]
[[383 117]
 [203 297]]
[[383 117]
 [203 297]]
[[416  84]
 [252 248]]
[[407  93]
 [247 253]]
[[407  93]
 [247 253]]
[[232 268]
 [ 86 414]]
[[415  85]
 [274 226]]
[[415  85]
 [274 226]]
[[406  94]
 [281 219]]
