[[136  64]
 [ 36 164]]
[[154  46]
 [ 55 145]]
[[154  46]
 [ 55 145]]
[[136  64]
 [ 37 163]]
[[156  44]
 [ 58 142]]
[[143  57]
 [ 47 153]]
[[143  57]
 [ 51 149]]
[[143  57]
 [ 51 149]]
[[138  62]
 [ 52 148]]
[[123  77]
 [ 40 160]]
[[119  81]
 [ 40 160]]
[[119  81]
 [ 40 160]]
[[118  82]
 [ 44 156]]
[[ 84 116]
 [ 16 184]]
[[ 86 114]
 [ 20 180]]
[[ 85 115]
 [ 20 180]]
[[ 75 125]
 [ 15 185]]
[[ 76 124]
 [ 17 183]]
[[ 76 124]
 [ 17 183]]
[[ 71 129]
 [ 12 188]]
[[ 71 129]
 [ 18 182]]
[[ 72 128]
 [ 21 179]]
[[ 67 133]
 [ 16 184]]
[[ 58 142]
 [ 10 190]]
[[ 38 162]
 [  8 192]]
