[[108  42]
 [ 41 109]]
[[ 92  58]
 [ 25 125]]
[[101  49]
 [ 37 113]]
[[ 99  51]
 [ 35 115]]
[[ 90  60]
 [ 27 123]]
[[ 84  66]
 [ 20 130]]
[[100  50]
 [ 38 112]]
[[ 90  60]
 [ 28 122]]
[[102  48]
 [ 41 109]]
[[102  48]
 [ 41 109]]
[[ 93  57]
 [ 33 117]]
[[ 89  61]
 [ 30 120]]
[[ 89  61]
 [ 30 120]]
[[101  49]
 [ 44 106]]
[[ 88  62]
 [ 30 120]]
[[101  49]
 [ 46 104]]
[[100  50]
 [ 46 104]]
[[100  50]
 [ 46 104]]
[[ 81  69]
 [ 27 123]]
[[ 76  74]
 [ 22 128]]
[[ 75  75]
 [ 21 129]]
[[ 75  75]
 [ 21 129]]
[[ 92  58]
 [ 42 108]]
[[ 85  65]
 [ 37 113]]
[[ 79  71]
 [ 38 112]]
