[[109   0]
 [ 57 541]]
[[109   0]
 [ 57 541]]
[[109   0]
 [ 60 538]]
[[109   0]
 [ 60 538]]
[[109   0]
 [ 63 535]]
[[109   0]
 [ 64 534]]
[[109   0]
 [ 64 534]]
[[109   0]
 [ 65 533]]
[[109   0]
 [ 65 533]]
[[109   0]
 [ 66 532]]
[[109   0]
 [ 66 532]]
[[109   0]
 [ 66 532]]
[[109   0]
 [ 68 530]]
[[109   0]
 [ 70 528]]
[[109   0]
 [ 77 521]]
[[109   0]
 [ 97 501]]
[[109   0]
 [ 97 501]]
[[109   0]
 [ 99 499]]
[[109   0]
 [116 482]]
[[109   0]
 [133 465]]
[[109   0]
 [133 465]]
[[109   0]
 [135 463]]
[[109   0]
 [170 428]]
[[109   0]
 [188 410]]
[[109   0]
 [194 404]]
