[[ 50  45]
 [ 17 502]]
[[ 50  45]
 [ 17 502]]
[[ 50  45]
 [ 17 502]]
[[ 50  45]
 [ 17 502]]
[[ 50  45]
 [ 17 502]]
[[ 49  46]
 [ 17 502]]
[[ 48  47]
 [ 17 502]]
[[ 50  45]
 [ 21 498]]
[[ 47  48]
 [ 20 499]]
[[ 47  48]
 [ 22 497]]
[[ 45  50]
 [ 20 499]]
[[ 43  52]
 [ 19 500]]
[[ 42  53]
 [ 20 499]]
[[ 42  53]
 [ 20 499]]
[[ 48  47]
 [ 27 492]]
[[ 28  67]
 [ 23 496]]
[[ 21  74]
 [ 23 496]]
[[ 18  77]
 [ 22 497]]
[[ 20  75]
 [ 26 493]]
[[ 13  82]
 [ 25 494]]
[[ 15  80]
 [ 28 491]]
[[ 57  38]
 [ 91 428]]
[[ 57  38]
 [ 91 428]]
[[ 59  36]
 [104 415]]
[[ 81  14]
 [260 259]]
