[[ 48  47]
 [ 12 507]]
[[ 49  46]
 [ 14 505]]
[[ 50  45]
 [ 17 502]]
[[ 50  45]
 [ 17 502]]
[[ 50  45]
 [ 17 502]]
[[ 48  47]
 [ 18 501]]
[[ 48  47]
 [ 18 501]]
[[ 47  48]
 [ 19 500]]
[[ 43  52]
 [ 15 504]]
[[ 45  50]
 [ 18 501]]
[[ 46  49]
 [ 20 499]]
[[ 48  47]
 [ 25 494]]
[[ 44  51]
 [ 21 498]]
[[ 47  48]
 [ 25 494]]
[[ 49  46]
 [ 28 491]]
[[ 49  46]
 [ 28 491]]
[[ 37  58]
 [ 17 502]]
[[ 60  35]
 [ 96 423]]
[[ 61  34]
 [111 408]]
[[ 65  30]
 [139 380]]
[[ 73  22]
 [205 314]]
[[ 74  21]
 [207 312]]
[[ 76  19]
 [211 308]]
[[ 74  21]
 [224 295]]
[[ 74  21]
 [224 295]]
