[[ 15  25]
 [ 13 147]]
[[ 15  25]
 [ 13 147]]
[[ 15  25]
 [ 13 147]]
[[ 15  25]
 [ 13 147]]
[[ 15  25]
 [ 13 147]]
[[ 15  25]
 [ 13 147]]
[[ 15  25]
 [ 13 147]]
[[ 15  25]
 [ 15 145]]
[[ 10  30]
 [  7 153]]
[[ 10  30]
 [  7 153]]
[[ 12  28]
 [ 17 143]]
[[ 11  29]
 [ 15 145]]
[[ 12  28]
 [ 21 139]]
[[  5  35]
 [  2 158]]
[[  5  35]
 [  3 157]]
[[  5  35]
 [  4 156]]
[[  5  35]
 [  4 156]]
[[  4  36]
 [  1 159]]
[[  4  36]
 [  1 159]]
[[  4  36]
 [  1 159]]
[[  4  36]
 [  1 159]]
[[  4  36]
 [  1 159]]
[[  4  36]
 [  2 158]]
[[  4  36]
 [  3 157]]
[[  4  36]
 [  4 156]]
