[[  1  39]
 [  0 160]]
[[  4  36]
 [  6 154]]
[[  5  35]
 [  5 155]]
[[  2  38]
 [  3 157]]
[[  4  36]
 [  7 153]]
[[  4  36]
 [  5 155]]
[[  1  39]
 [  2 158]]
[[  2  38]
 [  1 159]]
[[  2  38]
 [  3 157]]
[[  2  38]
 [  3 157]]
[[  6  34]
 [  8 152]]
[[  9  31]
 [  8 152]]
[[  2  38]
 [  1 159]]
[[  2  38]
 [  4 156]]
[[  2  38]
 [  1 159]]
[[  2  38]
 [  0 160]]
[[  2  38]
 [  1 159]]
[[  1  39]
 [  2 158]]
[[  1  39]
 [  0 160]]
[[  3  37]
 [  1 159]]
[[  2  38]
 [  1 159]]
[[  2  38]
 [  3 157]]
[[  7  33]
 [  9 151]]
[[  2  38]
 [  1 159]]
[[  0  40]
 [  2 158]]
