[[232  68]
 [112 188]]
[[200 100]
 [ 89 211]]
[[185 115]
 [ 75 225]]
[[163 137]
 [ 51 249]]
[[163 137]
 [ 51 249]]
[[168 132]
 [ 57 243]]
[[173 127]
 [ 64 236]]
[[180 120]
 [ 72 228]]
[[159 141]
 [ 51 249]]
[[161 139]
 [ 55 245]]
[[158 142]
 [ 55 245]]
[[158 142]
 [ 55 245]]
[[154 146]
 [ 52 248]]
[[155 145]
 [ 59 241]]
[[151 149]
 [ 55 245]]
[[136 164]
 [ 39 261]]
[[137 163]
 [ 41 259]]
[[137 163]
 [ 41 259]]
[[132 168]
 [ 39 261]]
[[137 163]
 [ 46 254]]
[[131 169]
 [ 39 261]]
[[127 173]
 [ 36 264]]
[[123 177]
 [ 39 261]]
[[119 181]
 [ 36 264]]
[[106 194]
 [ 29 271]]
