[[105  45]
 [ 43 107]]
[[105  45]
 [ 43 107]]
[[116  34]
 [ 54  96]]
[[116  34]
 [ 54  96]]
[[105  45]
 [ 44 106]]
[[126  24]
 [ 65  85]]
[[104  46]
 [ 46 104]]
[[105  45]
 [ 47 103]]
[[105  45]
 [ 47 103]]
[[101  49]
 [ 43 107]]
[[104  46]
 [ 47 103]]
[[104  46]
 [ 47 103]]
[[122  28]
 [ 64  86]]
[[104  46]
 [ 48 102]]
[[104  46]
 [ 49 101]]
[[ 99  51]
 [ 44 106]]
[[122  28]
 [ 66  84]]
[[115  35]
 [ 60  90]]
[[103  47]
 [ 50 100]]
[[103  47]
 [ 50 100]]
[[110  40]
 [ 57  93]]
[[116  34]
 [ 63  87]]
[[117  33]
 [ 65  85]]
[[119  31]
 [ 67  83]]
[[114  36]
 [ 63  87]]
