[[ 50  45]
 [ 21 498]]
[[ 43  52]
 [ 19 500]]
[[ 38  57]
 [ 15 504]]
[[ 45  50]
 [ 22 497]]
[[ 38  57]
 [ 15 504]]
[[ 41  54]
 [ 19 500]]
[[ 37  58]
 [ 15 504]]
[[ 38  57]
 [ 17 502]]
[[ 37  58]
 [ 16 503]]
[[ 34  61]
 [ 15 504]]
[[ 42  53]
 [ 24 495]]
[[ 40  55]
 [ 22 497]]
[[ 38  57]
 [ 21 498]]
[[ 38  57]
 [ 21 498]]
[[ 44  51]
 [ 27 492]]
[[ 43  52]
 [ 26 493]]
[[ 46  49]
 [ 29 490]]
[[ 47  48]
 [ 30 489]]
[[ 30  65]
 [ 14 505]]
[[ 28  67]
 [ 15 504]]
[[ 26  69]
 [ 13 506]]
[[ 28  67]
 [ 15 504]]
[[ 21  74]
 [ 14 505]]
[[ 21  74]
 [ 15 504]]
[[ 19  76]
 [ 17 502]]
