[[ 42 258]
 [  6 294]]
[[ 72 228]
 [ 13 287]]
[[127 173]
 [ 37 263]]
[[ 63 237]
 [  5 295]]
[[116 184]
 [ 28 272]]
[[ 88 212]
 [ 15 285]]
[[ 42 258]
 [  3 297]]
[[ 63 237]
 [ 10 290]]
[[ 71 229]
 [  5 295]]
[[ 63 237]
 [ 10 290]]
[[ 42 258]
 [  6 294]]
[[123 177]
 [ 28 272]]
[[ 72 228]
 [ 12 288]]
[[ 63 237]
 [  7 293]]
[[127 173]
 [ 36 264]]
[[ 63 237]
 [  4 296]]
[[ 86 214]
 [ 14 286]]
[[ 41 259]
 [  6 294]]
[[ 92 208]
 [ 16 284]]
[[132 168]
 [ 41 259]]
[[117 183]
 [ 36 264]]
[[ 70 230]
 [ 12 288]]
[[ 71 229]
 [  8 292]]
[[ 50 250]
 [  8 292]]
[[103 197]
 [ 27 273]]
