[[131  19]
 [ 40 110]]
[[133  17]
 [ 46 104]]
[[115  35]
 [ 29 121]]
[[124  26]
 [ 41 109]]
[[132  18]
 [ 49 101]]
[[122  28]
 [ 41 109]]
[[108  42]
 [ 29 121]]
[[115  35]
 [ 37 113]]
[[119  31]
 [ 41 109]]
[[122  28]
 [ 47 103]]
[[106  44]
 [ 33 117]]
[[ 99  51]
 [ 26 124]]
[[132  18]
 [ 59  91]]
[[109  41]
 [ 38 112]]
[[106  44]
 [ 35 115]]
[[108  42]
 [ 38 112]]
[[ 98  52]
 [ 28 122]]
[[111  39]
 [ 42 108]]
[[131  19]
 [ 64  86]]
[[121  29]
 [ 56  94]]
[[104  46]
 [ 41 109]]
[[126  24]
 [ 65  85]]
[[ 99  51]
 [ 42 108]]
[[128  22]
 [ 69  81]]
[[ 83  67]
 [ 44 106]]
