[[ 57  38]
 [ 22 497]]
[[ 57  38]
 [ 22 497]]
[[ 57  38]
 [ 22 497]]
[[ 57  38]
 [ 22 497]]
[[ 57  38]
 [ 22 497]]
[[ 57  38]
 [ 25 494]]
[[ 55  40]
 [ 26 493]]
[[ 55  40]
 [ 26 493]]
[[ 55  40]
 [ 26 493]]
[[ 55  40]
 [ 26 493]]
[[ 54  41]
 [ 28 491]]
[[ 49  46]
 [ 24 495]]
[[ 49  46]
 [ 25 494]]
[[ 49  46]
 [ 27 492]]
[[ 52  43]
 [ 30 489]]
[[ 38  57]
 [ 19 500]]
[[ 42  53]
 [ 24 495]]
[[ 30  65]
 [ 16 503]]
[[ 33  62]
 [ 19 500]]
[[ 30  65]
 [ 16 503]]
[[ 28  67]
 [ 15 504]]
[[ 10  85]
 [ 15 504]]
[[ 10  85]
 [ 15 504]]
[[ 11  84]
 [ 16 503]]
[[ 10  85]
 [ 15 504]]
