[[105   4]
 [ 17 581]]
[[105   4]
 [ 17 581]]
[[105   4]
 [ 17 581]]
[[105   4]
 [ 17 581]]
[[105   4]
 [ 17 581]]
[[104   5]
 [ 19 579]]
[[104   5]
 [ 19 579]]
[[ 98  11]
 [ 14 584]]
[[ 98  11]
 [ 14 584]]
[[102   7]
 [ 18 580]]
[[100   9]
 [ 17 581]]
[[ 99  10]
 [ 16 582]]
[[ 91  18]
 [ 13 585]]
[[ 89  20]
 [ 16 582]]
[[ 89  20]
 [ 17 581]]
[[ 89  20]
 [ 22 576]]
[[ 72  37]
 [  8 590]]
[[ 80  29]
 [ 21 577]]
[[ 65  44]
 [  9 589]]
[[ 65  44]
 [  9 589]]
[[ 59  50]
 [  6 592]]
[[ 54  55]
 [  5 593]]
[[ 83  26]
 [ 36 562]]
[[ 83  26]
 [ 36 562]]
[[ 41  68]
 [  5 593]]
