[[109   0]
 [338 260]]
[[109   0]
 [364 234]]
[[109   0]
 [365 233]]
[[109   0]
 [396 202]]
[[109   0]
 [434 164]]
[[109   0]
 [441 157]]
[[109   0]
 [444 154]]
[[109   0]
 [444 154]]
[[109   0]
 [445 153]]
[[109   0]
 [448 150]]
[[109   0]
 [452 146]]
[[109   0]
 [474 124]]
[[109   0]
 [482 116]]
[[109   0]
 [482 116]]
[[109   0]
 [486 112]]
[[109   0]
 [486 112]]
[[109   0]
 [499  99]]
[[109   0]
 [503  95]]
[[109   0]
 [508  90]]
[[109   0]
 [510  88]]
[[109   0]
 [511  87]]
[[109   0]
 [519  79]]
[[109   0]
 [527  71]]
[[109   0]
 [528  70]]
[[109   0]
 [542  56]]
