[[109   0]
 [293 305]]
[[109   0]
 [234 364]]
[[109   0]
 [330 268]]
[[109   0]
 [310 288]]
[[109   0]
 [208 390]]
[[109   0]
 [333 265]]
[[109   0]
 [244 354]]
[[109   0]
 [220 378]]
[[109   0]
 [300 298]]
[[109   0]
 [272 326]]
[[109   0]
 [258 340]]
[[109   0]
 [221 377]]
[[109   0]
 [319 279]]
[[109   0]
 [312 286]]
[[109   0]
 [289 309]]
[[109   0]
 [347 251]]
[[109   0]
 [207 391]]
[[109   0]
 [308 290]]
[[109   0]
 [222 376]]
[[109   0]
 [319 279]]
[[109   0]
 [235 363]]
[[109   0]
 [ 98 500]]
[[109   0]
 [330 268]]
[[109   0]
 [249 349]]
[[109   0]
 [177 421]]
