0.7197477729956961
0.7197477729956961
0.7197477729956961
0.7197477729956961
0.7197477729956961
0.7197477729956961
0.7197477729956961
0.7197477729956961
0.7197477729956961
0.7197477729956961
0.7197477729956961
0.7197477729956961
0.7197477729956961
0.7197477729956961
0.7197477729956961
0.7197477729956961
0.7197477729956961
0.7197477729956961
0.7197477729956961
0.7197477729956961
0.7197477729956961
0.7197477729956961
0.7197477729956961
0.7197477729956961
0.7197477729956961
0.7197477729956961
0.7197477729956961
0.7197477729956961
0.7197477729956961
0.7197477729956961
0.7197477729956961
