0.7033312382149592
0.7397657892102892
0.7397657892102892
0.7397657892102892
0.7397657892102892
0.7397657892102892
0.7397657892102892
0.7397657892102892
0.7397657892102892
0.7397657892102892
0.7397657892102892
0.7397657892102892
0.7397657892102892
0.7397657892102892
0.7397657892102892
0.7397657892102892
0.7397657892102892
0.7397657892102892
0.7397657892102892
0.7397657892102892
0.7397657892102892
0.7397657892102892
0.7397657892102892
0.7397657892102892
0.7397657892102892
0.7397657892102892
0.7397657892102892
0.7397657892102892
0.7397657892102892
0.7397657892102892
0.7397657892102892
0.7397657892102892
