[[100  50]
 [ 32 118]]
[[101  49]
 [ 36 114]]
[[ 92  58]
 [ 30 120]]
[[115  35]
 [ 55  95]]
[[111  39]
 [ 52  98]]
[[ 89  61]
 [ 30 120]]
[[111  39]
 [ 54  96]]
[[108  42]
 [ 52  98]]
[[110  40]
 [ 55  95]]
[[120  30]
 [ 66  84]]
[[ 98  52]
 [ 47 103]]
[[124  26]
 [ 71  79]]
[[ 87  63]
 [ 36 114]]
[[113  37]
 [ 63  87]]
[[114  36]
 [ 64  86]]
[[ 96  54]
 [ 47 103]]
[[ 83  67]
 [ 33 117]]
[[ 76  74]
 [ 25 125]]
[[ 87  63]
 [ 41 109]]
[[108  42]
 [ 63  87]]
[[108  42]
 [ 63  87]]
[[119  31]
 [ 74  76]]
[[ 80  70]
 [ 36 114]]
[[96 54]
 [59 91]]
[[ 59  91]
 [ 44 106]]
