0.6999699969997
0.6999699969997
0.6999699969997
0.6999699969997
0.6999699969997
0.6999699969997
0.6999699969997
0.6999699969997
0.6999699969997
0.6999699969997
0.6999699969997
0.6999699969997
0.7041049173750595
0.7041049173750595
0.7041049173750595
0.7099709970997099
0.7099709970997099
0.7099709970997099
0.7099709970997099
0.7099709970997099
0.7099709970997099
0.7099709970997099
0.7099709970997099
0.7099709970997099
0.7099709970997099
0.7099709970997099
0.7099709970997099
0.7099709970997099
0.7099709970997099
0.7099709970997099
0.7099709970997099
0.7099709970997099
0.7099709970997099
0.7099709970997099
0.7099709970997099
0.7099709970997099
0.7099709970997099
0.7099709970997099
0.7099709970997099
0.7099709970997099
0.7099709970997099
0.7099709970997099
0.7099709970997099
0.7099709970997099
0.7099709970997099
0.7099709970997099
