[[130  20]
 [ 56  94]]
[[130  20]
 [ 56  94]]
[[130  20]
 [ 56  94]]
[[130  20]
 [ 56  94]]
[[138  12]
 [ 66  84]]
[[141   9]
 [ 72  78]]
[[118  32]
 [ 57  93]]
[[129  21]
 [ 70  80]]
[[136  14]
 [ 76  74]]
[[131  19]
 [ 73  77]]
[[121  29]
 [ 65  85]]
[[141   9]
 [ 89  61]]
[[137  13]
 [ 93  57]]
[[145   5]
 [ 99  51]]
[[146   4]
 [103  47]]
[[144   6]
 [106  44]]
[[145   5]
 [107  43]]
[[146   4]
 [109  41]]
[[146   4]
 [115  35]]
[[144   6]
 [117  33]]
[[144   6]
 [118  32]]
[[146   4]
 [125  25]]
[[146   4]
 [126  24]]
[[147   3]
 [128  22]]
[[148   2]
 [130  20]]
