[[109   0]
 [ 67 531]]
[[109   0]
 [ 68 530]]
[[109   0]
 [ 69 529]]
[[109   0]
 [ 69 529]]
[[109   0]
 [ 69 529]]
[[109   0]
 [ 70 528]]
[[109   0]
 [ 70 528]]
[[109   0]
 [ 71 527]]
[[109   0]
 [ 71 527]]
[[109   0]
 [ 71 527]]
[[109   0]
 [ 73 525]]
[[109   0]
 [ 73 525]]
[[109   0]
 [ 75 523]]
[[109   0]
 [ 77 521]]
[[109   0]
 [ 79 519]]
[[109   0]
 [ 81 517]]
[[109   0]
 [ 81 517]]
[[109   0]
 [ 83 515]]
[[109   0]
 [ 83 515]]
[[107   2]
 [127 471]]
[[109   0]
 [190 408]]
[[109   0]
 [206 392]]
[[109   0]
 [226 372]]
[[109   0]
 [265 333]]
[[109   0]
 [266 332]]
