[[ 57  38]
 [ 22 497]]
[[ 57  38]
 [ 22 497]]
[[ 57  38]
 [ 22 497]]
[[ 57  38]
 [ 22 497]]
[[ 57  38]
 [ 22 497]]
[[ 56  39]
 [ 25 494]]
[[ 58  37]
 [ 30 489]]
[[ 50  45]
 [ 27 492]]
[[ 39  56]
 [ 19 500]]
[[ 31  64]
 [ 12 507]]
[[ 31  64]
 [ 15 504]]
[[ 39  56]
 [ 24 495]]
[[ 28  67]
 [ 14 505]]
[[ 35  60]
 [ 21 498]]
[[ 28  67]
 [ 14 505]]
[[ 26  69]
 [ 13 506]]
[[ 27  68]
 [ 16 503]]
[[ 33  62]
 [ 23 496]]
[[ 24  71]
 [ 15 504]]
[[ 33  62]
 [ 25 494]]
[[ 19  76]
 [ 14 505]]
[[ 16  79]
 [ 14 505]]
[[ 22  73]
 [ 20 499]]
[[ 18  77]
 [ 17 502]]
[[ 15  80]
 [ 14 505]]
