[[323 177]
 [107 393]]
[[323 177]
 [107 393]]
[[323 177]
 [107 393]]
[[323 177]
 [107 393]]
[[323 177]
 [107 393]]
[[323 177]
 [107 393]]
[[323 177]
 [107 393]]
[[323 177]
 [107 393]]
[[323 177]
 [107 393]]
[[323 177]
 [107 393]]
[[316 184]
 [105 395]]
[[332 168]
 [125 375]]
[[332 168]
 [125 375]]
[[332 168]
 [125 375]]
[[328 172]
 [124 376]]
[[328 172]
 [124 376]]
[[349 151]
 [146 354]]
[[358 142]
 [162 338]]
[[337 163]
 [142 358]]
[[315 185]
 [121 379]]
[[300 200]
 [113 387]]
[[304 196]
 [129 371]]
[[323 177]
 [160 340]]
[[271 229]
 [110 390]]
[[245 255]
 [ 90 410]]
