[[ 12  32  51]
 [ 10 426  83]
 [  8 251 164]]
[[ 12  35  48]
 [ 17 446  56]
 [  5 277 141]]
[[ 12  19  64]
 [ 40 380  99]
 [ 12 206 205]]
[[ 36  40  19]
 [ 10 433  76]
 [ 11 284 128]]
[[ 35  34  26]
 [ 10 431  78]
 [ 13 280 130]]
[[  7  27  61]
 [  6 388 125]
 [  2 233 188]]
[[  6  22  67]
 [  1 355 163]
 [  1 200 222]]
[[  6  26  63]
 [ 20 395 104]
 [  5 242 176]]
[[  4  25  66]
 [ 26 386 107]
 [  3 237 183]]
[[ 16  28  51]
 [ 18 410  91]
 [ 10 268 145]]
[[ 11  33  51]
 [  1 398 120]
 [  4 271 148]]
[[ 12  29  54]
 [ 13 370 136]
 [  6 246 171]]
[[ 11  34  50]
 [  2 402 115]
 [  6 284 133]]
[[ 44  44   7]
 [ 26 468  25]
 [ 81 324  18]]
[[ 47  42   6]
 [ 43 455  21]
 [103 301  19]]
[[ 29  44  22]
 [ 26 463  30]
 [ 70 329  24]]
[[ 23  44  28]
 [ 24 470  25]
 [ 70 332  21]]
[[  0   4  91]
 [  1 150 368]
 [  0  76 347]]
[[ 43  48   4]
 [ 64 426  29]
 [117 287  19]]
[[ 57  34   4]
 [ 89 401  29]
 [134 266  23]]
[[ 57  33   5]
 [ 84 398  37]
 [138 260  25]]
[[  0   3  92]
 [  0 103 416]
 [  1  49 373]]
[[  0   3  92]
 [  0 117 402]
 [  0  68 355]]
[[ 59  33   3]
 [106 387  26]
 [143 269  11]]
[[ 56  37   2]
 [113 379  27]
 [141 274   8]]
