[[ 15  35  45]
 [ 12 451  56]
 [  7 270 146]]
[[ 15  37  43]
 [ 12 451  56]
 [  3 276 144]]
[[ 16  26  53]
 [ 15 403 101]
 [ 13 219 191]]
[[ 12  36  47]
 [  9 457  53]
 [  4 278 141]]
[[ 12  36  47]
 [  9 457  53]
 [  4 278 141]]
[[  3  36  56]
 [  5 437  77]
 [  3 256 164]]
[[  3  36  56]
 [  5 437  77]
 [  3 256 164]]
[[  5  36  54]
 [  9 426  84]
 [  3 248 172]]
[[  5  36  54]
 [  9 426  84]
 [  3 248 172]]
[[  3  36  56]
 [  4 432  83]
 [  3 254 166]]
[[  3  36  56]
 [  4 432  83]
 [  3 254 166]]
[[  3  36  56]
 [  4 432  83]
 [  3 254 166]]
[[  3  36  56]
 [  3 432  84]
 [  3 254 166]]
[[  3  36  56]
 [  3 432  84]
 [  3 254 166]]
[[  3  36  56]
 [  8 438  73]
 [  3 262 158]]
[[  3  36  56]
 [  6 430  83]
 [  3 256 164]]
[[  6  38  51]
 [  9 427  83]
 [  3 258 162]]
[[  4  44  47]
 [  6 440  73]
 [  5 271 147]]
[[  4  44  47]
 [  6 440  73]
 [  5 271 147]]
[[  5  42  48]
 [ 10 433  76]
 [  4 270 149]]
[[  4  42  49]
 [  9 434  76]
 [  3 278 142]]
[[  4  42  49]
 [  9 434  76]
 [  3 278 142]]
[[  0  47  48]
 [ 15 432  72]
 [  5 288 130]]
[[ 24  44  27]
 [ 27 463  29]
 [ 55 327  41]]
[[ 22  64   9]
 [ 16 476  27]
 [ 37 361  25]]
