[[ 35  24  36]
 [  3 360 156]
 [ 16 180 227]]
[[ 35  32  28]
 [ 14 420  85]
 [ 22 235 166]]
[[ 34  33  28]
 [  5 442  72]
 [ 19 260 144]]
[[ 33  31  31]
 [  6 434  79]
 [ 18 252 153]]
[[ 37  30  28]
 [  9 425  85]
 [ 24 242 157]]
[[ 16  29  50]
 [  9 404 106]
 [ 12 213 198]]
[[ 39  29  27]
 [ 32 390  97]
 [ 39 224 160]]
[[ 39  29  27]
 [ 35 391  93]
 [ 43 228 152]]
[[ 40  48   7]
 [ 16 487  16]
 [ 58 343  22]]
[[ 44  45   6]
 [ 20 481  18]
 [ 65 338  20]]
[[ 35  47  13]
 [ 18 486  15]
 [ 59 340  24]]
[[ 42  47   6]
 [ 27 482  10]
 [ 59 345  19]]
[[ 60  32   3]
 [ 75 429  15]
 [146 270   7]]
[[ 59  35   1]
 [ 83 420  16]
 [142 275   6]]
[[ 62  32   1]
 [ 89 414  16]
 [172 245   6]]
[[ 58  36   1]
 [ 87 416  16]
 [128 289   6]]
[[ 60  34   1]
 [ 90 413  16]
 [146 271   6]]
[[ 61  33   1]
 [ 91 412  16]
 [147 270   6]]
[[ 59  35   1]
 [ 91 412  16]
 [139 278   6]]
[[ 59  35   1]
 [ 91 412  16]
 [135 282   6]]
[[ 62  32   1]
 [ 94 408  17]
 [175 242   6]]
[[ 52  42   1]
 [ 85 418  16]
 [129 288   6]]
[[ 53  41   1]
 [ 93 409  17]
 [143 274   6]]
[[ 54  40   1]
 [ 95 407  17]
 [146 271   6]]
[[ 63  32   0]
 [108 402   9]
 [163 260   0]]
