[[ 57  38]
 [ 42 477]]
[[ 43  52]
 [ 40 479]]
[[ 75  20]
 [ 80 439]]
[[ 74  21]
 [ 89 430]]
[[ 78  17]
 [ 97 422]]
[[ 79  16]
 [101 418]]
[[ 81  14]
 [103 416]]
[[ 64  31]
 [ 88 431]]
[[ 75  20]
 [101 418]]
[[ 66  29]
 [ 93 426]]
[[ 80  15]
 [108 411]]
[[ 78  17]
 [108 411]]
[[ 82  13]
 [142 377]]
[[ 81  14]
 [152 367]]
[[ 83  12]
 [162 357]]
[[ 85  10]
 [165 354]]
[[ 85  10]
 [171 348]]
[[ 83  12]
 [173 346]]
[[ 80  15]
 [176 343]]
[[ 84  11]
 [181 338]]
[[ 80  15]
 [185 334]]
[[ 77  18]
 [183 336]]
[[ 86   9]
 [213 306]]
[[ 88   7]
 [331 188]]
[[ 89   6]
 [353 166]]
