[[103   6]
 [ 19 579]]
[[108   1]
 [ 28 570]]
[[ 97  12]
 [ 17 581]]
[[102   7]
 [ 22 576]]
[[102   7]
 [ 23 575]]
[[106   3]
 [ 28 570]]
[[ 96  13]
 [ 19 579]]
[[103   6]
 [ 26 572]]
[[ 89  20]
 [ 15 583]]
[[ 82  27]
 [ 16 582]]
[[ 94  15]
 [ 31 567]]
[[ 67  42]
 [  9 589]]
[[ 95  14]
 [ 40 558]]
[[ 95  14]
 [ 44 554]]
[[ 94  15]
 [ 45 553]]
[[ 40  69]
 [  6 592]]
[[ 59  50]
 [ 26 572]]
[[ 31  78]
 [  2 596]]
[[ 56  53]
 [ 41 557]]
[[ 95  14]
 [ 84 514]]
[[ 73  36]
 [ 70 528]]
[[ 19  90]
 [ 24 574]]
[[107   2]
 [192 406]]
[[105   4]
 [199 399]]
[[106   3]
 [236 362]]
