0.7433628318584071
0.74235807860262
0.7400881057268722
0.7392996108949417
0.7391304347826086
0.7368421052631579
0.7359307359307359
0.7322834645669292
0.728110599078341
0.7257383966244726
0.7241379310344828
0.7214611872146118
0.7172995780590717
0.7076923076923077
0.7074235807860262
0.7069767441860465
0.7044534412955465
0.7
0.6972477064220184
0.696078431372549
0.696078431372549
0.6888888888888889
0.6836363636363636
0.6829268292682927
0.6829268292682927
0.6829268292682927
0.6759259259259259
0.673469387755102
0.6732673267326733
0.672645739910314
0.6701030927835051
0.6635071090047393
0.6382978723404256
0.6
0.5683060109289617
