[[ 57  38]
 [ 22 497]]
[[ 59  36]
 [ 25 494]]
[[ 59  36]
 [ 25 494]]
[[ 61  34]
 [ 28 491]]
[[ 63  32]
 [ 30 489]]
[[ 58  37]
 [ 25 494]]
[[ 59  36]
 [ 29 490]]
[[ 60  35]
 [ 31 488]]
[[ 59  36]
 [ 30 489]]
[[ 62  33]
 [ 34 485]]
[[ 56  39]
 [ 30 489]]
[[ 44  51]
 [ 19 500]]
[[ 55  40]
 [ 30 489]]
[[ 43  52]
 [ 20 499]]
[[ 54  41]
 [ 31 488]]
[[ 41  54]
 [ 18 501]]
[[ 45  50]
 [ 22 497]]
[[ 55  40]
 [ 33 486]]
[[ 37  58]
 [ 17 502]]
[[ 58  37]
 [ 42 477]]
[[ 35  60]
 [ 21 498]]
[[ 23  72]
 [ 16 503]]
[[ 23  72]
 [ 17 502]]
[[ 21  74]
 [ 15 504]]
[[ 19  76]
 [ 17 502]]
