[[ 15  25]
 [ 13 147]]
[[ 15  25]
 [ 13 147]]
[[ 15  25]
 [ 13 147]]
[[ 15  25]
 [ 13 147]]
[[ 15  25]
 [ 13 147]]
[[ 15  25]
 [ 16 144]]
[[ 15  25]
 [ 16 144]]
[[ 13  27]
 [ 12 148]]
[[ 13  27]
 [ 12 148]]
[[ 14  26]
 [ 15 145]]
[[ 16  24]
 [ 23 137]]
[[ 14  26]
 [ 20 140]]
[[ 12  28]
 [ 15 145]]
[[ 11  29]
 [ 15 145]]
[[ 11  29]
 [ 15 145]]
[[ 11  29]
 [ 15 145]]
[[  7  33]
 [  7 153]]
[[  6  34]
 [  3 157]]
[[ 11  29]
 [ 23 137]]
[[  9  31]
 [ 18 142]]
[[  5  35]
 [  2 158]]
[[  5  35]
 [  2 158]]
[[  5  35]
 [  3 157]]
[[  5  35]
 [  5 155]]
[[  4  36]
 [  3 157]]
