[[234  66]
 [111 189]]
[[227  73]
 [105 195]]
[[229  71]
 [107 193]]
[[222  78]
 [102 198]]
[[227  73]
 [107 193]]
[[232  68]
 [112 188]]
[[232  68]
 [112 188]]
[[222  78]
 [104 196]]
[[214  86]
 [ 97 203]]
[[223  77]
 [107 193]]
[[233  67]
 [120 180]]
[[233  67]
 [120 180]]
[[240  60]
 [127 173]]
[[233  67]
 [121 179]]
[[234  66]
 [122 178]]
[[227  73]
 [117 183]]
[[200 100]
 [ 91 209]]
[[223  77]
 [115 185]]
[[211  89]
 [104 196]]
[[211  89]
 [104 196]]
[[217  83]
 [111 189]]
[[206  94]
 [104 196]]
[[240  60]
 [140 160]]
[[205  95]
 [117 183]]
[[209  91]
 [122 178]]
