[[ 47  48]
 [  5 514]]
[[ 51  44]
 [ 11 508]]
[[ 49  46]
 [  9 510]]
[[ 50  45]
 [ 10 509]]
[[ 41  54]
 [  1 518]]
[[ 48  47]
 [ 11 508]]
[[ 49  46]
 [ 13 506]]
[[ 47  48]
 [ 12 507]]
[[ 46  49]
 [ 16 503]]
[[ 48  47]
 [ 18 501]]
[[ 44  51]
 [ 15 504]]
[[ 41  54]
 [ 15 504]]
[[ 55  40]
 [ 30 489]]
[[ 39  56]
 [ 14 505]]
[[ 51  44]
 [ 26 493]]
[[ 42  53]
 [ 18 501]]
[[ 40  55]
 [ 17 502]]
[[ 49  46]
 [ 27 492]]
[[ 40  55]
 [ 18 501]]
[[ 35  60]
 [ 13 506]]
[[ 43  52]
 [ 22 497]]
[[ 44  51]
 [ 23 496]]
[[ 31  64]
 [ 11 508]]
[[ 40  55]
 [ 20 499]]
[[ 24  71]
 [ 13 506]]
