[[  0 237]
 [  0 237]]
[[ 70 167]
 [ 74 163]]
[[167  70]
 [153  84]]
[[ 23 214]
 [ 24 213]]
[[182  55]
 [167  70]]
[[191  46]
 [170  67]]
[[ 19 218]
 [ 20 217]]
[[ 66 171]
 [ 66 171]]
[[ 11 226]
 [ 12 225]]
[[209  28]
 [192  45]]
[[ 25 212]
 [ 24 213]]
[[ 31 206]
 [ 28 209]]
[[  1 236]
 [  0 237]]
[[195  42]
 [178  59]]
[[  5 232]
 [  2 235]]
[[135 102]
 [119 118]]
[[208  29]
 [203  34]]
[[ 24 213]
 [ 26 211]]
[[197  40]
 [179  58]]
[[ 16 221]
 [ 25 212]]
[[  8 229]
 [  9 228]]
[[201  36]
 [187  50]]
[[ 42 195]
 [ 61 176]]
[[  4 233]
 [  1 236]]
[[  0 237]
 [  0 237]]
