[[135 102]
 [108 129]]
[[135 102]
 [108 129]]
[[142  95]
 [123 114]]
[[142  95]
 [123 114]]
[[131 106]
 [115 122]]
[[135 102]
 [119 118]]
[[135 102]
 [119 118]]
[[135 102]
 [119 118]]
[[140  97]
 [125 112]]
[[125 112]
 [111 126]]
[[125 112]
 [111 126]]
[[125 112]
 [111 126]]
[[130 107]
 [116 121]]
[[139  98]
 [125 112]]
[[139  98]
 [125 112]]
[[139  98]
 [125 112]]
[[158  79]
 [147  90]]
[[ 92 145]
 [ 83 154]]
[[ 92 145]
 [ 83 154]]
[[101 136]
 [101 136]]
[[ 70 167]
 [ 59 178]]
[[104 133]
 [105 132]]
[[ 77 160]
 [ 74 163]]
[[ 73 164]
 [ 70 167]]
[[ 60 177]
 [ 56 181]]
