[[100  50]
 [ 32 118]]
[[114  36]
 [ 47 103]]
[[101  49]
 [ 36 114]]
[[101  49]
 [ 36 114]]
[[ 93  57]
 [ 29 121]]
[[110  40]
 [ 47 103]]
[[121  29]
 [ 58  92]]
[[ 92  58]
 [ 30 120]]
[[111  39]
 [ 51  99]]
[[ 88  62]
 [ 28 122]]
[[ 85  65]
 [ 27 123]]
[[ 85  65]
 [ 27 123]]
[[ 85  65]
 [ 28 122]]
[[103  47]
 [ 48 102]]
[[109  41]
 [ 54  96]]
[[112  38]
 [ 58  92]]
[[112  38]
 [ 59  91]]
[[ 91  59]
 [ 41 109]]
[[ 78  72]
 [ 27 123]]
[[ 78  72]
 [ 27 123]]
[[117  33]
 [ 69  81]]
[[103  47]
 [ 57  93]]
[[109  41]
 [ 68  82]]
[[106  44]
 [ 67  83]]
[[115  35]
 [ 77  73]]
