[[ 84  25]
 [ 12 586]]
[[ 90  19]
 [ 25 573]]
[[ 74  35]
 [  9 589]]
[[ 74  35]
 [  9 589]]
[[ 82  27]
 [ 20 578]]
[[ 82  27]
 [ 20 578]]
[[ 79  30]
 [ 18 580]]
[[ 80  29]
 [ 21 577]]
[[ 73  36]
 [ 15 583]]
[[ 75  34]
 [ 20 578]]
[[ 79  30]
 [ 27 571]]
[[102   7]
 [ 55 543]]
[[ 61  48]
 [ 16 582]]
[[ 67  42]
 [ 26 572]]
[[ 44  65]
 [  5 593]]
[[ 43  66]
 [ 11 587]]
[[ 35  74]
 [  4 594]]
[[ 34  75]
 [  7 591]]
[[ 29  80]
 [  3 595]]
[[ 29  80]
 [  3 595]]
[[ 25  84]
 [  4 594]]
[[ 24  85]
 [  4 594]]
[[ 23  86]
 [  3 595]]
[[ 23  86]
 [  6 592]]
[[106   3]
 [ 91 507]]
