0.7033312382149592
0.7033312382149592
0.7049336100622641
0.7049336100622641
0.7049336100622641
0.7049336100622641
0.7238331952499311
0.7238331952499311
0.7238331952499311
0.7244419950399559
0.7244419950399559
0.7244419950399559
0.7244419950399559
0.7244419950399559
0.7244419950399559
0.7244419950399559
0.7244419950399559
0.7244419950399559
0.7244419950399559
0.7244419950399559
0.7244419950399559
0.7244419950399559
0.7244419950399559
0.7244419950399559
0.7244419950399559
0.7244419950399559
0.7244419950399559
0.7244419950399559
0.7244419950399559
0.7244419950399559
0.7244419950399559
0.7244419950399559
0.7244419950399559
0.7244419950399559
0.7244419950399559
0.7244419950399559
0.7244419950399559
0.7244419950399559
0.7244419950399559
0.7244419950399559
