0.7219343259435274
0.7219343259435274
0.7219343259435274
0.7219343259435274
0.7219343259435274
0.7219343259435274
0.7219343259435274
0.7219343259435274
0.7219343259435274
0.7219343259435274
0.7219343259435274
0.7219343259435274
0.7219343259435274
0.7219343259435274
0.7219343259435274
0.7219343259435274
0.7219343259435274
0.7219343259435274
0.7219343259435274
0.7219343259435274
0.7219343259435274
0.7219343259435274
0.7219343259435274
0.7219343259435274
0.7219343259435274
0.7219343259435274
0.7219343259435274
0.7219343259435274
0.7219343259435274
0.7219343259435274
0.7219343259435274
