[[136  14]
 [ 69  81]]
[[101  49]
 [ 37 113]]
[[134  16]
 [ 68  82]]
[[136  14]
 [ 70  80]]
[[139  11]
 [ 75  75]]
[[124  26]
 [ 66  84]]
[[139  11]
 [ 80  70]]
[[137  13]
 [ 81  69]]
[[140  10]
 [ 94  56]]
[[142   8]
 [ 99  51]]
[[147   3]
 [104  46]]
[[147   3]
 [105  45]]
[[145   5]
 [105  45]]
[[146   4]
 [109  41]]
[[147   3]
 [110  40]]
[[145   5]
 [111  39]]
[[146   4]
 [112  38]]
[[145   5]
 [114  36]]
[[145   5]
 [114  36]]
[[147   3]
 [115  35]]
[[147   3]
 [115  35]]
[[146   4]
 [117  33]]
[[146   4]
 [117  33]]
[[147   3]
 [119  31]]
[[143   7]
 [119  31]]
