[[111  39]
 [ 41 109]]
[[111  39]
 [ 41 109]]
[[111  39]
 [ 41 109]]
[[111  39]
 [ 41 109]]
[[111  39]
 [ 41 109]]
[[111  39]
 [ 41 109]]
[[111  39]
 [ 41 109]]
[[107  43]
 [ 39 111]]
[[110  40]
 [ 44 106]]
[[111  39]
 [ 45 105]]
[[109  41]
 [ 44 106]]
[[109  41]
 [ 44 106]]
[[109  41]
 [ 44 106]]
[[109  41]
 [ 44 106]]
[[101  49]
 [ 37 113]]
[[111  39]
 [ 48 102]]
[[114  36]
 [ 52  98]]
[[ 92  58]
 [ 30 120]]
[[100  50]
 [ 40 110]]
[[115  35]
 [ 57  93]]
[[93 57]
 [59 91]]
[[93 57]
 [59 91]]
[[ 70  80]
 [ 43 107]]
[[ 64  86]
 [ 36 114]]
[[ 69  81]
 [ 46 104]]
