[[ 80  29]
 [ 22 576]]
[[ 66  43]
 [ 12 586]]
[[ 70  39]
 [ 22 576]]
[[ 60  49]
 [ 12 586]]
[[ 52  57]
 [  7 591]]
[[ 52  57]
 [  7 591]]
[[ 48  61]
 [  8 590]]
[[ 94  15]
 [ 57 541]]
[[ 41  68]
 [  4 594]]
[[ 48  61]
 [ 12 586]]
[[104   5]
 [ 70 528]]
[[104   5]
 [ 70 528]]
[[ 38  71]
 [  5 593]]
[[ 39  70]
 [  7 591]]
[[ 35  74]
 [  3 595]]
[[ 35  74]
 [  3 595]]
[[ 33  76]
 [  2 596]]
[[ 31  78]
 [  2 596]]
[[ 31  78]
 [  2 596]]
[[ 25  84]
 [  6 592]]
[[ 18  91]
 [  3 595]]
[[ 15  94]
 [  2 596]]
[[ 22  87]
 [  9 589]]
[[  8 101]
 [  2 596]]
[[  1 108]
 [  0 598]]
