[[105   4]
 [ 17 581]]
[[105   4]
 [ 17 581]]
[[ 95  14]
 [  8 590]]
[[105   4]
 [ 19 579]]
[[103   6]
 [ 19 579]]
[[105   4]
 [ 22 576]]
[[104   5]
 [ 21 577]]
[[104   5]
 [ 22 576]]
[[106   3]
 [ 24 574]]
[[101   8]
 [ 19 579]]
[[105   4]
 [ 23 575]]
[[101   8]
 [ 19 579]]
[[106   3]
 [ 24 574]]
[[105   4]
 [ 24 574]]
[[105   4]
 [ 24 574]]
[[104   5]
 [ 23 575]]
[[105   4]
 [ 24 574]]
[[102   7]
 [ 21 577]]
[[105   4]
 [ 24 574]]
[[ 99  10]
 [ 19 579]]
[[100   9]
 [ 21 577]]
[[ 86  23]
 [  9 589]]
[[ 87  22]
 [ 11 587]]
[[ 93  16]
 [ 17 581]]
[[ 81  28]
 [ 13 585]]
