0.7234443746071653
0.7234443746071653
0.7234443746071653
0.7234443746071653
0.7234443746071653
0.7234443746071653
0.7234443746071653
0.7234443746071653
0.7234443746071653
0.7234443746071653
0.7234443746071653
0.7234443746071653
0.7234443746071653
0.7234443746071653
0.7234443746071653
0.7234443746071653
0.7234443746071653
0.7234443746071653
0.7234443746071653
0.7234443746071653
0.7234443746071653
0.7234443746071653
0.7234443746071653
0.7234443746071653
0.7234443746071653
0.7234443746071653
0.7234443746071653
0.7234443746071653
0.7234443746071653
0.7234443746071653
0.7234443746071653
