[[ 62  33]
 [118 401]]
[[ 57  38]
 [ 83 436]]
[[ 68  27]
 [191 328]]
[[ 65  30]
 [197 322]]
[[ 55  40]
 [ 80 439]]
[[ 69  26]
 [174 345]]
[[ 68  27]
 [185 334]]
[[ 69  26]
 [167 352]]
[[ 61  34]
 [122 397]]
[[ 64  31]
 [142 377]]
[[ 54  41]
 [ 84 435]]
[[ 51  44]
 [ 74 445]]
[[ 66  29]
 [158 361]]
[[ 67  28]
 [189 330]]
[[ 60  35]
 [124 395]]
[[ 54  41]
 [107 412]]
[[ 61  34]
 [ 91 428]]
[[ 76  19]
 [193 326]]
[[ 67  28]
 [183 336]]
[[ 79  16]
 [218 301]]
[[ 61  34]
 [119 400]]
[[ 52  43]
 [ 49 470]]
[[ 55  40]
 [ 98 421]]
[[ 59  36]
 [111 408]]
[[ 65  30]
 [154 365]]
