[[135 102]
 [108 129]]
[[135 102]
 [108 129]]
[[131 106]
 [115 122]]
[[135 102]
 [119 118]]
[[135 102]
 [119 118]]
[[135 102]
 [119 118]]
[[135 102]
 [119 118]]
[[125 112]
 [111 126]]
[[125 112]
 [111 126]]
[[125 112]
 [111 126]]
[[130 107]
 [116 121]]
[[116 121]
 [108 129]]
[[123 114]
 [116 121]]
[[119 118]
 [112 125]]
[[114 123]
 [108 129]]
[[198  39]
 [191  46]]
[[ 46 191]
 [ 47 190]]
[[ 34 203]
 [ 37 200]]
[[ 24 213]
 [ 34 203]]
[[ 17 220]
 [ 29 208]]
[[  9 228]
 [ 20 217]]
[[ 11 226]
 [ 29 208]]
[[  1 236]
 [  0 237]]
[[  1 236]
 [  1 236]]
[[  0 237]
 [  0 237]]
