[[169 131]
 [ 79 221]]
[[199 101]
 [112 188]]
[[153 147]
 [ 71 229]]
[[225  75]
 [147 153]]
[[225  75]
 [147 153]]
[[132 168]
 [ 53 247]]
[[134 166]
 [ 56 244]]
[[186 114]
 [117 183]]
[[140 160]
 [ 71 229]]
[[140 160]
 [ 71 229]]
[[140 160]
 [ 71 229]]
[[125 175]
 [ 63 237]]
[[216  84]
 [161 139]]
[[216  84]
 [161 139]]
[[111 189]
 [ 51 249]]
[[111 189]
 [ 51 249]]
[[108 192]
 [ 47 253]]
[[ 91 209]
 [ 36 264]]
[[ 91 209]
 [ 38 262]]
[[ 91 209]
 [ 38 262]]
[[ 90 210]
 [ 38 262]]
[[ 90 210]
 [ 38 262]]
[[ 82 218]
 [ 29 271]]
[[ 78 222]
 [ 32 268]]
[[ 78 222]
 [ 32 268]]
