0.7685185185185185
0.7521367521367521
0.75
0.7443946188340808
0.7397260273972602
0.7381974248927039
0.7136563876651982
0.7068965517241379
0.7053571428571429
0.7048458149779736
0.6905829596412556
0.6877828054298643
0.6844444444444444
0.6837606837606838
0.6831683168316832
0.6761904761904762
0.6733668341708543
0.6631016042780749
0.6576271186440678
0.6558704453441295
0.6538461538461539
0.6502463054187192
0.6444444444444445
0.6441947565543071
0.6321243523316062
0.6187845303867403
0.6122448979591837
0.6010928961748634
0.5520833333333334
0.5165562913907285
0.4968944099378882
0.4492753623188406
0.40601503759398494
0.37037037037037035
0.14545454545454545
