[[ 52  43]
 [  8 511]]
[[ 52  43]
 [  8 511]]
[[ 52  43]
 [  8 511]]
[[ 47  48]
 [  5 514]]
[[ 47  48]
 [  6 513]]
[[ 48  47]
 [  7 512]]
[[ 44  51]
 [  4 515]]
[[ 49  46]
 [ 10 509]]
[[ 49  46]
 [ 10 509]]
[[ 45  50]
 [  7 512]]
[[ 45  50]
 [  7 512]]
[[ 41  54]
 [  4 515]]
[[ 44  51]
 [  8 511]]
[[ 39  56]
 [  4 515]]
[[ 39  56]
 [  4 515]]
[[ 36  59]
 [  4 515]]
[[ 40  55]
 [ 12 507]]
[[ 31  64]
 [  3 516]]
[[ 23  72]
 [  0 519]]
[[ 21  74]
 [  0 519]]
[[ 19  76]
 [  1 518]]
[[  0  95]
 [  2 517]]
[[  2  93]
 [  4 515]]
[[  0  95]
 [  2 517]]
[[  0  95]
 [  2 517]]
