[[103   6]
 [ 19 579]]
[[104   5]
 [ 21 577]]
[[102   7]
 [ 22 576]]
[[108   1]
 [ 28 570]]
[[ 97  12]
 [ 17 581]]
[[105   4]
 [ 25 573]]
[[105   4]
 [ 28 570]]
[[103   6]
 [ 26 572]]
[[ 90  19]
 [ 14 584]]
[[ 89  20]
 [ 16 582]]
[[ 84  25]
 [ 12 586]]
[[ 78  31]
 [ 13 585]]
[[103   6]
 [ 41 557]]
[[ 93  16]
 [ 33 565]]
[[ 75  34]
 [ 18 580]]
[[ 58  51]
 [  6 592]]
[[ 48  61]
 [  8 590]]
[[ 46  63]
 [  6 592]]
[[ 42  67]
 [  6 592]]
[[101   8]
 [ 66 532]]
[[ 76  33]
 [ 41 557]]
[[ 35  74]
 [  6 592]]
[[ 41  68]
 [ 17 581]]
[[ 26  83]
 [  2 596]]
[[ 25  84]
 [  4 594]]
