[[51 49]
 [15 85]]
[[50 50]
 [19 81]]
[[42 58]
 [12 88]]
[[37 63]
 [ 6 94]]
[[42 58]
 [14 86]]
[[39 61]
 [11 89]]
[[41 59]
 [14 86]]
[[35 65]
 [14 86]]
[[33 67]
 [13 87]]
[[25 75]
 [ 8 92]]
[[19 81]
 [ 3 97]]
[[14 86]
 [ 3 97]]
[[13 87]
 [ 1 99]]
[[13 87]
 [ 3 97]]
[[12 88]
 [ 1 99]]
[[  6  94]
 [  0 100]]
[[  6  94]
 [  0 100]]
[[  6  94]
 [  0 100]]
[[  4  96]
 [  0 100]]
[[  2  98]
 [  0 100]]
[[  2  98]
 [  0 100]]
[[  0 100]
 [  0 100]]
[[  0 100]
 [  0 100]]
[[  0 100]
 [  0 100]]
[[  0 100]
 [  0 100]]
