[[ 12  28]
 [  7 153]]
[[ 12  28]
 [ 10 150]]
[[ 11  29]
 [  7 153]]
[[ 12  28]
 [ 11 149]]
[[ 14  26]
 [ 17 143]]
[[ 15  25]
 [ 20 140]]
[[ 10  30]
 [  6 154]]
[[  9  31]
 [  5 155]]
[[ 10  30]
 [ 12 148]]
[[  9  31]
 [  9 151]]
[[  9  31]
 [ 10 150]]
[[ 10  30]
 [ 14 146]]
[[  8  32]
 [  7 153]]
[[  8  32]
 [  7 153]]
[[  9  31]
 [ 14 146]]
[[  7  33]
 [  7 153]]
[[  7  33]
 [  9 151]]
[[  7  33]
 [ 10 150]]
[[  6  34]
 [  7 153]]
[[  5  35]
 [  2 158]]
[[  8  32]
 [ 16 144]]
[[  5  35]
 [  3 157]]
[[  5  35]
 [  5 155]]
[[  4  36]
 [  1 159]]
[[  4  36]
 [  5 155]]
