[[ 46  49]
 [ 24 495]]
[[ 46  49]
 [ 28 491]]
[[ 45  50]
 [ 27 492]]
[[ 50  45]
 [ 40 479]]
[[ 46  49]
 [ 38 481]]
[[ 48  47]
 [ 43 476]]
[[ 52  43]
 [ 49 470]]
[[ 40  55]
 [ 41 478]]
[[ 17  78]
 [ 21 498]]
[[ 37  58]
 [ 42 477]]
[[ 51  44]
 [ 58 461]]
[[ 50  45]
 [ 60 459]]
[[ 14  81]
 [ 25 494]]
[[ 52  43]
 [ 63 456]]
[[ 55  40]
 [ 70 449]]
[[ 51  44]
 [ 67 452]]
[[  9  86]
 [ 26 493]]
[[ 17  78]
 [ 38 481]]
[[ 53  42]
 [ 77 442]]
[[ 53  42]
 [ 82 437]]
[[ 54  41]
 [ 92 427]]
[[ 66  29]
 [116 403]]
[[ 70  25]
 [123 396]]
[[ 64  31]
 [133 386]]
[[ 69  26]
 [157 362]]
