[[ 50  45]
 [ 17 502]]
[[ 50  45]
 [ 17 502]]
[[ 50  45]
 [ 17 502]]
[[ 49  46]
 [ 17 502]]
[[ 48  47]
 [ 17 502]]
[[ 49  46]
 [ 18 501]]
[[ 46  49]
 [ 16 503]]
[[ 47  48]
 [ 18 501]]
[[ 42  53]
 [ 15 504]]
[[ 48  47]
 [ 21 498]]
[[ 47  48]
 [ 21 498]]
[[ 44  51]
 [ 20 499]]
[[ 44  51]
 [ 20 499]]
[[ 44  51]
 [ 20 499]]
[[ 39  56]
 [ 17 502]]
[[ 29  66]
 [ 18 501]]
[[ 26  69]
 [ 24 495]]
[[ 20  75]
 [ 26 493]]
[[ 57  38]
 [ 91 428]]
[[ 60  35]
 [100 419]]
[[ 61  34]
 [101 418]]
[[ 59  36]
 [104 415]]
[[ 59  36]
 [104 415]]
[[ 75  20]
 [204 315]]
[[ 80  15]
 [220 299]]
