[[ 20  75]
 [  3 516]]
[[ 57  38]
 [ 42 477]]
[[ 54  41]
 [ 43 476]]
[[ 15  80]
 [  6 513]]
[[ 36  59]
 [ 30 489]]
[[ 56  39]
 [ 51 468]]
[[ 48  47]
 [ 44 475]]
[[ 43  52]
 [ 40 479]]
[[ 19  76]
 [ 21 498]]
[[ 63  32]
 [ 65 454]]
[[ 40  55]
 [ 44 475]]
[[  1  94]
 [  5 514]]
[[  2  93]
 [  7 512]]
[[ 26  69]
 [ 34 485]]
[[ 62  33]
 [ 73 446]]
[[  4  91]
 [ 15 504]]
[[ 11  84]
 [ 24 495]]
[[ 67  28]
 [ 85 434]]
[[ 67  28]
 [ 88 431]]
[[  5  90]
 [ 28 491]]
[[  9  86]
 [ 47 472]]
[[ 69  26]
 [108 411]]
[[ 84  11]
 [228 291]]
[[ 83  12]
 [288 231]]
[[ 84  11]
 [330 189]]
