[[ 15  25]
 [ 13 147]]
[[ 15  25]
 [ 13 147]]
[[ 15  25]
 [ 13 147]]
[[ 15  25]
 [ 13 147]]
[[ 15  25]
 [ 13 147]]
[[ 15  25]
 [ 13 147]]
[[ 15  25]
 [ 13 147]]
[[ 15  25]
 [ 13 147]]
[[ 16  24]
 [ 22 138]]
[[ 12  28]
 [ 11 149]]
[[ 13  27]
 [ 16 144]]
[[ 12  28]
 [ 15 145]]
[[  8  32]
 [  4 156]]
[[  8  32]
 [  8 152]]
[[ 11  29]
 [ 20 140]]
[[ 11  29]
 [ 20 140]]
[[  7  33]
 [  6 154]]
[[  6  34]
 [  3 157]]
[[  6  34]
 [  4 156]]
[[  6  34]
 [  5 155]]
[[  6  34]
 [  5 155]]
[[  5  35]
 [  3 157]]
[[  5  35]
 [  4 156]]
[[  5  35]
 [  4 156]]
[[  4  36]
 [  3 157]]
