[[148  52]
 [ 48 152]]
[[136  64]
 [ 36 164]]
[[147  53]
 [ 48 152]]
[[147  53]
 [ 48 152]]
[[154  46]
 [ 55 145]]
[[148  52]
 [ 52 148]]
[[154  46]
 [ 58 142]]
[[145  55]
 [ 51 149]]
[[145  55]
 [ 51 149]]
[[154  46]
 [ 60 140]]
[[123  77]
 [ 28 172]]
[[131  69]
 [ 37 163]]
[[132  68]
 [ 39 161]]
[[134  66]
 [ 44 156]]
[[119  81]
 [ 28 172]]
[[ 96 104]
 [ 20 180]]
[[104  96]
 [ 31 169]]
[[ 99 101]
 [ 25 175]]
[[103  97]
 [ 34 166]]
[[ 82 118]
 [ 21 179]]
[[ 78 122]
 [ 16 184]]
[[ 76 124]
 [ 16 184]]
[[ 58 142]
 [  8 192]]
[[ 49 151]
 [ 19 181]]
[[ 41 159]
 [ 22 178]]
