0.7099709970997099
0.7099709970997099
0.7099709970997099
0.7099709970997099
0.7099709970997099
0.7099709970997099
0.7099709970997099
0.7099709970997099
0.7099709970997099
0.7099709970997099
0.7099709970997099
0.7099709970997099
0.7099709970997099
0.7099709970997099
0.7099709970997099
0.7099709970997099
0.7099709970997099
0.7099709970997099
0.7099709970997099
0.7099709970997099
0.7099709970997099
0.7099709970997099
0.7099709970997099
0.7099709970997099
0.7099709970997099
0.7099709970997099
0.7099709970997099
0.7099709970997099
0.7099709970997099
0.7099709970997099
0.7099709970997099
