[[146   4]
 [ 91  59]]
[[142   8]
 [ 95  55]]
[[145   5]
 [ 99  51]]
[[145   5]
 [ 99  51]]
[[134  16]
 [ 93  57]]
[[138  12]
 [ 97  53]]
[[144   6]
 [103  47]]
[[139  11]
 [103  47]]
[[139  11]
 [103  47]]
[[139  11]
 [103  47]]
[[139  11]
 [109  41]]
[[139  11]
 [109  41]]
[[142   8]
 [111  39]]
[[142   8]
 [111  39]]
[[144   6]
 [119  31]]
[[144   6]
 [119  31]]
[[146   4]
 [122  28]]
[[148   2]
 [123  27]]
[[148   2]
 [125  25]]
[[148   2]
 [125  25]]
[[147   3]
 [126  24]]
[[148   2]
 [131  19]]
[[149   1]
 [133  17]]
[[149   1]
 [133  17]]
[[149   1]
 [142   8]]
