[[187 113]
 [ 86 214]]
[[204  96]
 [104 196]]
[[204  96]
 [104 196]]
[[208  92]
 [108 192]]
[[208  92]
 [108 192]]
[[190 110]
 [ 91 209]]
[[190 110]
 [ 91 209]]
[[152 148]
 [ 49 251]]
[[156 144]
 [ 55 245]]
[[220  80]
 [126 174]]
[[220  80]
 [126 174]]
[[220  80]
 [126 174]]
[[125 175]
 [ 35 265]]
[[125 175]
 [ 35 265]]
[[125 175]
 [ 35 265]]
[[ 85 215]
 [ 25 275]]
[[ 85 215]
 [ 25 275]]
[[ 81 219]
 [ 26 274]]
[[ 78 222]
 [ 26 274]]
[[ 68 232]
 [ 21 279]]
[[ 68 232]
 [ 21 279]]
[[ 68 232]
 [ 21 279]]
[[ 68 232]
 [ 21 279]]
[[ 68 232]
 [ 21 279]]
[[ 11 289]
 [  4 296]]
