[[205  32]
 [190  47]]
[[226  11]
 [201  36]]
[[216  21]
 [198  39]]
[[207  30]
 [196  41]]
[[208  29]
 [198  39]]
[[217  20]
 [202  35]]
[[217  20]
 [202  35]]
[[208  29]
 [200  37]]
[[210  27]
 [202  35]]
[[212  25]
 [207  30]]
[[211  26]
 [208  29]]
[[215  22]
 [210  27]]
[[212  25]
 [209  28]]
[[202  35]
 [207  30]]
[[207  30]
 [209  28]]
[[215  22]
 [212  25]]
[[209  28]
 [210  27]]
[[209  28]
 [210  27]]
[[210  27]
 [211  26]]
[[206  31]
 [210  27]]
[[217  20]
 [216  21]]
[[205  32]
 [214  23]]
[[210  27]
 [218  19]]
[[188  49]
 [210  27]]
[[207  30]
 [220  17]]
