[[171 129]
 [ 76 224]]
[[172 128]
 [ 81 219]]
[[145 155]
 [ 63 237]]
[[158 142]
 [ 80 220]]
[[158 142]
 [ 80 220]]
[[158 142]
 [ 80 220]]
[[163 137]
 [ 94 206]]
[[163 137]
 [ 94 206]]
[[163 137]
 [ 94 206]]
[[130 170]
 [ 56 244]]
[[131 169]
 [ 62 238]]
[[131 169]
 [ 62 238]]
[[131 169]
 [ 62 238]]
[[144 156]
 [ 80 220]]
[[143 157]
 [ 81 219]]
[[143 157]
 [ 81 219]]
[[167 133]
 [109 191]]
[[167 133]
 [109 191]]
[[167 133]
 [109 191]]
[[167 133]
 [109 191]]
[[167 133]
 [109 191]]
[[177 123]
 [125 175]]
[[101 199]
 [ 35 265]]
[[111 189]
 [ 51 249]]
[[100 200]
 [ 40 260]]
