[[ 52  43]
 [  8 511]]
[[ 47  48]
 [  5 514]]
[[ 47  48]
 [  6 513]]
[[ 44  51]
 [  3 516]]
[[ 48  47]
 [  7 512]]
[[ 46  49]
 [  5 514]]
[[ 51  44]
 [ 11 508]]
[[ 51  44]
 [ 11 508]]
[[ 51  44]
 [ 11 508]]
[[ 55  40]
 [ 17 502]]
[[ 55  40]
 [ 17 502]]
[[ 41  54]
 [  5 514]]
[[ 38  57]
 [  4 515]]
[[ 34  61]
 [  4 515]]
[[ 35  60]
 [  5 514]]
[[ 31  64]
 [  2 517]]
[[ 32  63]
 [  3 516]]
[[ 29  66]
 [  2 517]]
[[ 29  66]
 [  3 516]]
[[ 28  67]
 [  2 517]]
[[ 25  70]
 [  3 516]]
[[ 25  70]
 [  4 515]]
[[ 14  81]
 [  1 518]]
[[ 16  79]
 [  3 516]]
[[  2  93]
 [  2 517]]
