0.7033312382149592
0.7033312382149592
0.7033312382149592
0.7033312382149592
0.7033312382149592
0.7033312382149592
0.7033312382149592
0.7033312382149592
0.7033312382149592
0.7033312382149592
0.7033312382149592
0.7033312382149592
0.7033312382149592
0.7049926248156204
0.7049926248156204
0.7049926248156204
0.7049926248156204
0.7049926248156204
0.7049926248156204
0.7049926248156204
0.7049926248156204
0.7049926248156204
0.7049926248156204
0.7049926248156204
0.7049926248156204
0.7049926248156204
0.7049926248156204
0.7049926248156204
0.7049926248156204
0.7049926248156204
0.7049926248156204
0.7049926248156204
0.7049926248156204
0.7049926248156204
0.7049926248156204
0.7049926248156204
0.7049926248156204
0.7049926248156204
0.7049926248156204
0.7049926248156204
0.7049926248156204
0.7049926248156204
0.7049926248156204
0.7049926248156204
