[[109   0]
 [ 37 561]]
[[109   0]
 [ 37 561]]
[[109   0]
 [ 37 561]]
[[109   0]
 [ 38 560]]
[[109   0]
 [ 41 557]]
[[109   0]
 [ 41 557]]
[[109   0]
 [ 41 557]]
[[109   0]
 [ 46 552]]
[[109   0]
 [ 49 549]]
[[109   0]
 [ 50 548]]
[[109   0]
 [ 50 548]]
[[109   0]
 [ 51 547]]
[[109   0]
 [ 59 539]]
[[109   0]
 [ 60 538]]
[[109   0]
 [ 62 536]]
[[109   0]
 [ 64 534]]
[[109   0]
 [ 66 532]]
[[109   0]
 [ 69 529]]
[[109   0]
 [ 71 527]]
[[109   0]
 [ 72 526]]
[[109   0]
 [ 72 526]]
[[109   0]
 [ 72 526]]
[[109   0]
 [ 77 521]]
[[109   0]
 [240 358]]
[[109   0]
 [273 325]]
