[[ 13  27]
 [ 11 149]]
[[ 12  28]
 [ 14 146]]
[[  9  31]
 [  6 154]]
[[ 10  30]
 [ 10 150]]
[[ 10  30]
 [ 11 149]]
[[ 14  26]
 [ 26 134]]
[[  8  32]
 [  6 154]]
[[  9  31]
 [ 10 150]]
[[ 15  25]
 [ 30 130]]
[[  8  32]
 [  7 153]]
[[  8  32]
 [  8 152]]
[[  8  32]
 [  9 151]]
[[  8  32]
 [  9 151]]
[[  8  32]
 [  9 151]]
[[  8  32]
 [ 10 150]]
[[  6  34]
 [  2 158]]
[[  6  34]
 [  5 155]]
[[  5  35]
 [  3 157]]
[[  5  35]
 [  4 156]]
[[  5  35]
 [  4 156]]
[[  5  35]
 [  4 156]]
[[  9  31]
 [ 22 138]]
[[  5  35]
 [  7 153]]
[[  6  34]
 [ 13 147]]
[[  2  38]
 [  4 156]]
