[[ 15  25]
 [ 13 147]]
[[ 15  25]
 [ 13 147]]
[[ 15  25]
 [ 13 147]]
[[ 15  25]
 [ 13 147]]
[[ 15  25]
 [ 13 147]]
[[ 16  24]
 [ 17 143]]
[[ 16  24]
 [ 17 143]]
[[ 15  25]
 [ 15 145]]
[[ 12  28]
 [ 10 150]]
[[ 13  27]
 [ 14 146]]
[[ 12  28]
 [ 12 148]]
[[ 13  27]
 [ 16 144]]
[[ 13  27]
 [ 16 144]]
[[ 12  28]
 [ 13 147]]
[[ 12  28]
 [ 13 147]]
[[ 12  28]
 [ 14 146]]
[[ 12  28]
 [ 14 146]]
[[ 11  29]
 [ 12 148]]
[[  6  34]
 [  2 158]]
[[  5  35]
 [  3 157]]
[[  5  35]
 [  3 157]]
[[  5  35]
 [  5 155]]
[[  6  34]
 [ 11 149]]
[[  4  36]
 [  1 159]]
[[  4  36]
 [  4 156]]
