[[323 177]
 [107 393]]
[[323 177]
 [107 393]]
[[323 177]
 [107 393]]
[[323 177]
 [107 393]]
[[323 177]
 [107 393]]
[[323 177]
 [107 393]]
[[323 177]
 [107 393]]
[[316 184]
 [105 395]]
[[316 184]
 [105 395]]
[[316 184]
 [105 395]]
[[377 123]
 [168 332]]
[[361 139]
 [154 346]]
[[366 134]
 [163 337]]
[[302 198]
 [104 396]]
[[382 118]
 [196 304]]
[[382 118]
 [196 304]]
[[352 148]
 [169 331]]
[[408  92]
 [220 280]]
[[374 126]
 [191 309]]
[[337 163]
 [158 342]]
[[305 195]
 [137 363]]
[[305 195]
 [137 363]]
[[305 195]
 [137 363]]
[[278 222]
 [107 393]]
[[345 155]
 [187 313]]
