[[ 50  45]
 [ 17 502]]
[[ 48  47]
 [ 17 502]]
[[ 49  46]
 [ 18 501]]
[[ 47  48]
 [ 17 502]]
[[ 46  49]
 [ 16 503]]
[[ 46  49]
 [ 17 502]]
[[ 47  48]
 [ 18 501]]
[[ 47  48]
 [ 18 501]]
[[ 46  49]
 [ 19 500]]
[[ 48  47]
 [ 24 495]]
[[ 48  47]
 [ 25 494]]
[[ 47  48]
 [ 24 495]]
[[ 43  52]
 [ 25 494]]
[[ 43  52]
 [ 29 490]]
[[ 46  49]
 [ 32 487]]
[[ 62  33]
 [100 419]]
[[ 62  33]
 [102 417]]
[[ 59  36]
 [105 414]]
[[ 59  36]
 [108 411]]
[[ 55  40]
 [110 409]]
[[ 58  37]
 [118 401]]
[[ 60  35]
 [123 396]]
[[ 59  36]
 [129 390]]
[[ 57  38]
 [130 389]]
[[ 59  36]
 [144 375]]
