[[ 87 113]
 [ 25 175]]
[[ 84 116]
 [ 21 179]]
[[ 78 122]
 [ 23 177]]
[[ 74 126]
 [ 21 179]]
[[ 62 138]
 [ 12 188]]
[[ 60 140]
 [  9 191]]
[[ 62 138]
 [ 15 185]]
[[ 52 148]
 [ 12 188]]
[[ 39 161]
 [  6 194]]
[[ 39 161]
 [  7 193]]
[[ 36 164]
 [  7 193]]
[[ 31 169]
 [  4 196]]
[[ 31 169]
 [  5 195]]
[[ 29 171]
 [  4 196]]
[[ 28 172]
 [  2 198]]
[[ 28 172]
 [  3 197]]
[[ 28 172]
 [  4 196]]
[[ 27 173]
 [  2 198]]
[[ 24 176]
 [  1 199]]
[[ 24 176]
 [  2 198]]
[[ 20 180]
 [  3 197]]
[[ 18 182]
 [  0 200]]
[[ 13 187]
 [  2 198]]
[[  7 193]
 [  0 200]]
[[  5 195]
 [  0 200]]
