[[227  73]
 [105 195]]
[[229  71]
 [107 193]]
[[227  73]
 [107 193]]
[[232  68]
 [112 188]]
[[222  78]
 [104 196]]
[[215  85]
 [ 99 201]]
[[227  73]
 [113 187]]
[[213  87]
 [101 199]]
[[213  87]
 [101 199]]
[[223  77]
 [112 188]]
[[219  81]
 [109 191]]
[[231  69]
 [121 179]]
[[155 145]
 [ 43 257]]
[[226  74]
 [123 177]]
[[154 146]
 [ 47 253]]
[[209  91]
 [109 191]]
[[150 150]
 [ 48 252]]
[[131 169]
 [ 39 261]]
[[117 183]
 [ 30 270]]
[[113 187]
 [ 29 271]]
[[111 189]
 [ 26 274]]
[[ 98 202]
 [ 37 263]]
[[285  15]
 [236  64]]
[[288  12]
 [240  60]]
[[286  14]
 [242  58]]
