[[ 57  38]
 [ 42 477]]
[[ 75  20]
 [ 80 439]]
[[ 78  17]
 [ 97 422]]
[[ 79  16]
 [101 418]]
[[ 78  17]
 [103 416]]
[[ 69  26]
 [ 98 421]]
[[ 74  21]
 [103 416]]
[[ 80  15]
 [109 410]]
[[ 81  14]
 [111 408]]
[[ 77  18]
 [107 412]]
[[ 83  12]
 [114 405]]
[[ 80  15]
 [112 407]]
[[ 80  15]
 [118 401]]
[[ 81  14]
 [129 390]]
[[ 81  14]
 [138 381]]
[[ 80  15]
 [146 373]]
[[ 79  16]
 [147 372]]
[[ 79  16]
 [150 369]]
[[ 78  17]
 [161 358]]
[[ 82  13]
 [169 350]]
[[ 88   7]
 [179 340]]
[[ 84  11]
 [177 342]]
[[ 79  16]
 [173 346]]
[[ 85  10]
 [180 339]]
[[ 84  11]
 [188 331]]
