[[111  39]
 [ 41 109]]
[[111  39]
 [ 41 109]]
[[108  42]
 [ 41 109]]
[[105  45]
 [ 38 112]]
[[107  43]
 [ 41 109]]
[[107  43]
 [ 41 109]]
[[ 92  58]
 [ 25 125]]
[[102  48]
 [ 36 114]]
[[ 95  55]
 [ 29 121]]
[[106  44]
 [ 41 109]]
[[106  44]
 [ 42 108]]
[[ 93  57]
 [ 29 121]]
[[109  41]
 [ 46 104]]
[[109  41]
 [ 46 104]]
[[ 98  52]
 [ 36 114]]
[[108  42]
 [ 50 100]]
[[ 97  53]
 [ 40 110]]
[[104  46]
 [ 48 102]]
[[112  38]
 [ 56  94]]
[[104  46]
 [ 49 101]]
[[111  39]
 [ 57  93]]
[[ 96  54]
 [ 45 105]]
[[120  30]
 [ 68  82]]
[[114  36]
 [ 68  82]]
[[123  27]
 [ 76  74]]
