[[109   0]
 [ 31 567]]
[[109   0]
 [ 31 567]]
[[109   0]
 [ 31 567]]
[[109   0]
 [ 31 567]]
[[109   0]
 [ 31 567]]
[[109   0]
 [ 31 567]]
[[109   0]
 [ 32 566]]
[[109   0]
 [ 33 565]]
[[109   0]
 [ 34 564]]
[[109   0]
 [ 34 564]]
[[109   0]
 [ 34 564]]
[[109   0]
 [ 35 563]]
[[109   0]
 [ 35 563]]
[[109   0]
 [ 35 563]]
[[109   0]
 [ 36 562]]
[[109   0]
 [ 36 562]]
[[108   1]
 [ 36 562]]
[[109   0]
 [ 58 540]]
[[108   1]
 [ 59 539]]
[[108   1]
 [ 69 529]]
[[108   1]
 [ 72 526]]
[[109   0]
 [117 481]]
[[109   0]
 [118 480]]
[[109   0]
 [120 478]]
[[109   0]
 [170 428]]
