0.7238331952499311
0.7338756245135698
0.7338756245135698
0.7338756245135698
0.7338756245135698
0.7338756245135698
0.7397657892102892
0.7397657892102892
0.7542566262945409
0.7542566262945409
0.7542566262945409
0.7542566262945409
0.7591328783621036
0.7591328783621036
0.7591328783621036
0.7591328783621036
0.7591328783621036
0.7591328783621036
0.7591328783621036
0.7591328783621036
0.7591328783621036
0.7591328783621036
0.7593984962406015
0.7593984962406015
0.7593984962406015
0.7593984962406015
0.7593984962406015
0.7593984962406015
0.7593984962406015
0.7593984962406015
0.7593984962406015
0.7645231593977806
0.7645231593977806
0.7645231593977806
0.7645231593977806
0.7645231593977806
0.7645231593977806
0.7645231593977806
0.7645231593977806
0.7645231593977806
0.7645231593977806
0.7645231593977806
