[[ 36  59]
 [ 13 506]]
[[ 52  43]
 [ 32 487]]
[[ 29  66]
 [ 10 509]]
[[ 32  63]
 [ 13 506]]
[[ 26  69]
 [  7 512]]
[[ 32  63]
 [ 13 506]]
[[ 29  66]
 [ 10 509]]
[[ 30  65]
 [ 12 507]]
[[ 20  75]
 [  3 516]]
[[ 29  66]
 [ 14 505]]
[[ 28  67]
 [ 14 505]]
[[ 43  52]
 [ 29 490]]
[[ 40  55]
 [ 27 492]]
[[ 26  69]
 [ 15 504]]
[[ 30  65]
 [ 19 500]]
[[ 21  74]
 [ 10 509]]
[[ 30  65]
 [ 19 500]]
[[ 30  65]
 [ 21 498]]
[[ 21  74]
 [ 12 507]]
[[ 21  74]
 [ 12 507]]
[[ 16  79]
 [  8 511]]
[[ 46  49]
 [ 40 479]]
[[ 11  84]
 [ 14 505]]
[[  8  87]
 [ 12 507]]
[[  6  89]
 [ 10 509]]
