[[135  15]
 [ 57  93]]
[[126  24]
 [ 50 100]]
[[122  28]
 [ 50 100]]
[[114  36]
 [ 43 107]]
[[115  35]
 [ 45 105]]
[[130  20]
 [ 62  88]]
[[110  40]
 [ 44 106]]
[[112  38]
 [ 46 104]]
[[109  41]
 [ 44 106]]
[[127  23]
 [ 62  88]]
[[106  44]
 [ 43 107]]
[[118  32]
 [ 56  94]]
[[111  39]
 [ 50 100]]
[[116  34]
 [ 56  94]]
[[101  49]
 [ 42 108]]
[[133  17]
 [ 74  76]]
[[134  16]
 [ 78  72]]
[[124  26]
 [ 71  79]]
[[124  26]
 [ 71  79]]
[[139  11]
 [ 99  51]]
[[139  11]
 [ 99  51]]
[[143   7]
 [111  39]]
[[143   7]
 [112  38]]
[[149   1]
 [116  34]]
[[148   2]
 [130  20]]
