[[130  20]
 [ 56  94]]
[[130  20]
 [ 56  94]]
[[139  11]
 [ 68  82]]
[[139  11]
 [ 68  82]]
[[126  24]
 [ 57  93]]
[[112  38]
 [ 46 104]]
[[110  40]
 [ 51  99]]
[[113  37]
 [ 54  96]]
[[119  31]
 [ 63  87]]
[[127  23]
 [ 70  80]]
[[114  36]
 [ 59  91]]
[[141   9]
 [ 88  62]]
[[129  21]
 [ 84  66]]
[[136  14]
 [ 96  54]]
[[142   8]
 [103  47]]
[[143   7]
 [104  46]]
[[139  11]
 [105  45]]
[[146   4]
 [109  41]]
[[143   7]
 [111  39]]
[[142   8]
 [111  39]]
[[144   6]
 [113  37]]
[[144   6]
 [119  31]]
[[145   5]
 [120  30]]
[[146   4]
 [122  28]]
[[147   3]
 [123  27]]
