[[111  39]
 [ 41 109]]
[[111  39]
 [ 41 109]]
[[111  39]
 [ 41 109]]
[[111  39]
 [ 41 109]]
[[111  39]
 [ 41 109]]
[[110  40]
 [ 41 109]]
[[109  41]
 [ 41 109]]
[[107  43]
 [ 44 106]]
[[117  33]
 [ 54  96]]
[[103  47]
 [ 41 109]]
[[101  49]
 [ 43 107]]
[[104  46]
 [ 49 101]]
[[112  38]
 [ 57  93]]
[[116  34]
 [ 63  87]]
[[117  33]
 [ 65  85]]
[[106  44]
 [ 58  92]]
[[101  49]
 [ 54  96]]
[[105  45]
 [ 59  91]]
[[111  39]
 [ 67  83]]
[[114  36]
 [ 70  80]]
[[109  41]
 [ 66  84]]
[[104  46]
 [ 62  88]]
[[124  26]
 [ 84  66]]
[[127  23]
 [ 88  62]]
[[138  12]
 [110  40]]
