[[ 13  27]
 [ 11 149]]
[[ 12  28]
 [ 14 146]]
[[  9  31]
 [  6 154]]
[[ 10  30]
 [ 11 149]]
[[  9  31]
 [ 10 150]]
[[  8  32]
 [  9 151]]
[[  8  32]
 [  9 151]]
[[  8  32]
 [  9 151]]
[[  9  31]
 [ 13 147]]
[[  7  33]
 [  5 155]]
[[  9  31]
 [ 16 144]]
[[  7  33]
 [  8 152]]
[[  6  34]
 [  5 155]]
[[  7  33]
 [ 13 147]]
[[  6  34]
 [  9 151]]
[[  5  35]
 [  5 155]]
[[  7  33]
 [ 15 145]]
[[  7  33]
 [ 16 144]]
[[  5  35]
 [  7 153]]
[[  5  35]
 [  7 153]]
[[  5  35]
 [  7 153]]
[[  5  35]
 [  7 153]]
[[  5  35]
 [  8 152]]
[[  5  35]
 [ 10 150]]
[[  3  37]
 [  7 153]]
