[[205  32]
 [190  47]]
[[226  11]
 [201  36]]
[[216  21]
 [198  39]]
[[207  30]
 [196  41]]
[[208  29]
 [198  39]]
[[208  29]
 [198  39]]
[[218  19]
 [205  32]]
[[212  25]
 [203  34]]
[[210  27]
 [204  33]]
[[216  21]
 [207  30]]
[[219  18]
 [210  27]]
[[203  34]
 [206  31]]
[[203  34]
 [206  31]]
[[201  36]
 [206  31]]
[[209  28]
 [210  27]]
[[194  43]
 [204  33]]
[[208  29]
 [210  27]]
[[216  21]
 [213  24]]
[[209  28]
 [211  26]]
[[211  26]
 [212  25]]
[[213  24]
 [213  24]]
[[210  27]
 [212  25]]
[[215  22]
 [215  22]]
[[205  32]
 [215  22]]
[[204  33]
 [216  21]]
