[[131  19]
 [ 51  99]]
[[128  22]
 [ 49 101]]
[[124  26]
 [ 46 104]]
[[136  14]
 [ 59  91]]
[[109  41]
 [ 35 115]]
[[133  17]
 [ 58  92]]
[[115  35]
 [ 42 108]]
[[122  28]
 [ 51  99]]
[[133  17]
 [ 61  89]]
[[100  50]
 [ 32 118]]
[[133  17]
 [ 66  84]]
[[ 97  53]
 [ 33 117]]
[[137  13]
 [ 80  70]]
[[131  19]
 [ 79  71]]
[[139  11]
 [ 87  63]]
[[145   5]
 [100  50]]
[[140  10]
 [ 99  51]]
[[142   8]
 [102  48]]
[[140  10]
 [105  45]]
[[147   3]
 [109  41]]
[[145   5]
 [108  42]]
[[144   6]
 [112  38]]
[[143   7]
 [114  36]]
[[148   2]
 [121  29]]
[[148   2]
 [124  26]]
