[[ 34  33  28]
 [  5 442  72]
 [ 19 260 144]]
[[ 37  30  28]
 [  9 425  85]
 [ 24 242 157]]
[[ 16  29  50]
 [  9 404 106]
 [ 12 213 198]]
[[ 35  31  29]
 [  7 425  87]
 [ 18 249 156]]
[[ 34  31  30]
 [  9 422  88]
 [ 20 246 157]]
[[ 15  35  45]
 [ 11 451  57]
 [  5 271 147]]
[[ 35  28  32]
 [ 17 403  99]
 [ 24 224 175]]
[[ 12  37  46]
 [  8 453  58]
 [  3 277 143]]
[[  3  45  47]
 [  8 460  51]
 [  5 292 126]]
[[  1  32  62]
 [ 15 388 116]
 [  4 223 196]]
[[ 34  46  15]
 [ 29 453  37]
 [ 45 286  92]]
[[  3  37  55]
 [  6 412 101]
 [  2 262 159]]
[[  2  37  56]
 [  5 398 116]
 [  7 245 171]]
[[ 39  48   8]
 [ 38 437  44]
 [ 68 266  89]]
[[ 36  34  25]
 [ 23 442  54]
 [ 68 275  80]]
[[ 51  39   5]
 [ 42 442  35]
 [ 87 274  62]]
[[  7  35  53]
 [ 20 396 103]
 [ 14 260 149]]
[[ 34  45  16]
 [ 35 431  53]
 [ 82 256  85]]
[[ 21  28  46]
 [ 27 343 149]
 [ 44 193 186]]
[[  2  26  67]
 [ 38 279 202]
 [ 16 151 256]]
[[ 42  43  10]
 [ 37 426  56]
 [104 251  68]]
[[ 59  33   3]
 [ 68 438  13]
 [127 288   8]]
[[ 56  37   2]
 [ 59 443  17]
 [125 292   6]]
[[ 57  31   7]
 [ 79 424  16]
 [152 253  18]]
[[ 61  33   1]
 [ 99 405  15]
 [156 257  10]]
