[[109   0]
 [ 28 570]]
[[109   0]
 [ 28 570]]
[[109   0]
 [ 28 570]]
[[109   0]
 [ 29 569]]
[[109   0]
 [ 29 569]]
[[109   0]
 [ 33 565]]
[[109   0]
 [ 37 561]]
[[109   0]
 [ 37 561]]
[[109   0]
 [ 38 560]]
[[109   0]
 [ 38 560]]
[[109   0]
 [ 39 559]]
[[109   0]
 [ 39 559]]
[[109   0]
 [ 39 559]]
[[109   0]
 [ 40 558]]
[[109   0]
 [ 52 546]]
[[109   0]
 [ 58 540]]
[[109   0]
 [ 69 529]]
[[109   0]
 [ 69 529]]
[[109   0]
 [ 77 521]]
[[109   0]
 [ 90 508]]
[[109   0]
 [ 98 500]]
[[109   0]
 [106 492]]
[[109   0]
 [197 401]]
[[109   0]
 [209 389]]
[[109   0]
 [211 387]]
