[[ 59  36]
 [ 25 494]]
[[ 59  36]
 [ 25 494]]
[[ 61  34]
 [ 28 491]]
[[ 63  32]
 [ 30 489]]
[[ 58  37]
 [ 25 494]]
[[ 55  40]
 [ 25 494]]
[[ 51  44]
 [ 24 495]]
[[ 54  41]
 [ 29 490]]
[[ 40  55]
 [ 17 502]]
[[ 56  39]
 [ 33 486]]
[[ 60  35]
 [ 38 481]]
[[ 53  42]
 [ 32 487]]
[[ 48  47]
 [ 28 491]]
[[ 36  59]
 [ 18 501]]
[[ 35  60]
 [ 18 501]]
[[ 32  63]
 [ 16 503]]
[[ 32  63]
 [ 17 502]]
[[ 48  47]
 [ 36 483]]
[[ 47  48]
 [ 35 484]]
[[ 33  62]
 [ 21 498]]
[[ 35  60]
 [ 24 495]]
[[ 24  71]
 [ 18 501]]
[[ 23  72]
 [ 19 500]]
[[ 28  67]
 [ 26 493]]
[[ 14  81]
 [ 16 503]]
