0.7685185185185185
0.7521367521367521
0.7433628318584071
0.7426160337552743
0.7400881057268722
0.7345132743362832
0.7264957264957265
0.7069767441860465
0.7064676616915423
0.7033898305084746
0.6912442396313364
0.6859903381642513
0.6844444444444444
0.6831683168316832
0.6804123711340206
0.6766169154228856
0.6764705882352942
0.6701030927835051
0.67
0.6699029126213593
0.663594470046083
0.6600985221674877
0.6600985221674877
0.6595744680851063
0.6555555555555556
0.6545454545454545
0.6530612244897959
0.6521739130434783
0.6483516483516484
0.6473429951690821
0.6451612903225806
0.6395939086294417
0.6222222222222222
0.5847953216374269
0.48322147651006714
