[[ 35  24  36]
 [  3 360 156]
 [ 16 180 227]]
[[ 35  32  28]
 [ 14 420  85]
 [ 22 235 166]]
[[ 34  33  28]
 [  5 442  72]
 [ 19 260 144]]
[[ 33  31  31]
 [  6 434  79]
 [ 18 252 153]]
[[ 37  30  28]
 [  9 425  85]
 [ 24 242 157]]
[[ 33  32  30]
 [ 15 419  85]
 [ 23 237 163]]
[[ 29  31  35]
 [  9 423  87]
 [ 17 244 162]]
[[ 33  31  31]
 [  8 418  93]
 [ 17 248 158]]
[[ 38  35  22]
 [  7 439  73]
 [ 45 247 131]]
[[ 31  32  32]
 [ 16 409  94]
 [ 22 236 165]]
[[ 32  33  30]
 [  8 436  75]
 [ 47 241 135]]
[[ 37  33  25]
 [ 12 427  80]
 [ 36 251 136]]
[[ 27  32  36]
 [  6 436  77]
 [ 39 250 134]]
[[ 21  26  48]
 [ 19 380 120]
 [ 21 214 188]]
[[ 17  24  54]
 [ 18 377 124]
 [ 31 200 192]]
[[ 38  32  25]
 [ 20 427  72]
 [ 61 251 111]]
[[ 35  37  23]
 [ 13 447  59]
 [ 51 282  90]]
[[ 34  39  22]
 [ 12 448  59]
 [ 54 286  83]]
[[ 38  39  18]
 [ 12 447  60]
 [ 62 287  74]]
[[ 39  31  25]
 [ 52 389  78]
 [ 77 234 112]]
[[ 40  32  23]
 [ 54 363 102]
 [101 207 115]]
[[ 58  35   2]
 [ 54 445  20]
 [141 275   7]]
[[ 58  36   1]
 [ 72 429  18]
 [151 266   6]]
[[ 59  35   1]
 [ 85 418  16]
 [158 259   6]]
[[ 48  29  18]
 [127 330  62]
 [153 192  78]]
