[[ 12  28]
 [ 14 146]]
[[  9  31]
 [  6 154]]
[[ 10  30]
 [ 11 149]]
[[  9  31]
 [ 10 150]]
[[  8  32]
 [  9 151]]
[[  9  31]
 [ 13 147]]
[[  8  32]
 [ 10 150]]
[[  8  32]
 [ 10 150]]
[[  8  32]
 [ 10 150]]
[[  7  33]
 [  9 151]]
[[  8  32]
 [ 14 146]]
[[  8  32]
 [ 14 146]]
[[  7  33]
 [ 10 150]]
[[  7  33]
 [ 10 150]]
[[  8  32]
 [ 16 144]]
[[  8  32]
 [ 16 144]]
[[  6  34]
 [  9 151]]
[[  4  36]
 [  1 159]]
[[  4  36]
 [  1 159]]
[[  5  35]
 [  7 153]]
[[  5  35]
 [  7 153]]
[[  3  37]
 [  2 158]]
[[  3  37]
 [  7 153]]
[[  2  38]
 [  2 158]]
[[  1  39]
 [  0 160]]
