[[105   4]
 [ 17 581]]
[[105   4]
 [ 17 581]]
[[105   4]
 [ 17 581]]
[[ 95  14]
 [  8 590]]
[[103   6]
 [ 17 581]]
[[105   4]
 [ 19 579]]
[[103   6]
 [ 17 581]]
[[106   3]
 [ 21 577]]
[[105   4]
 [ 21 577]]
[[104   5]
 [ 21 577]]
[[104   5]
 [ 21 577]]
[[104   5]
 [ 21 577]]
[[105   4]
 [ 23 575]]
[[ 98  11]
 [ 18 580]]
[[ 99  10]
 [ 19 579]]
[[ 99  10]
 [ 19 579]]
[[ 99  10]
 [ 22 576]]
[[100   9]
 [ 25 573]]
[[ 97  12]
 [ 22 576]]
[[104   5]
 [ 35 563]]
[[ 98  11]
 [ 31 567]]
[[ 78  31]
 [ 12 586]]
[[ 92  17]
 [ 27 571]]
[[ 74  35]
 [ 13 585]]
[[ 67  42]
 [  8 590]]
