[[156 144]
 [ 51 249]]
[[146 154]
 [ 44 256]]
[[157 143]
 [ 59 241]]
[[146 154]
 [ 48 252]]
[[138 162]
 [ 40 260]]
[[150 150]
 [ 56 244]]
[[140 160]
 [ 44 256]]
[[126 174]
 [ 32 268]]
[[126 174]
 [ 32 268]]
[[129 171]
 [ 38 262]]
[[126 174]
 [ 34 266]]
[[124 176]
 [ 32 268]]
[[124 176]
 [ 32 268]]
[[124 176]
 [ 32 268]]
[[121 179]
 [ 28 272]]
[[120 180]
 [ 29 271]]
[[133 167]
 [ 52 248]]
[[116 184]
 [ 37 263]]
[[113 187]
 [ 34 266]]
[[104 196]
 [ 26 274]]
[[102 198]
 [ 24 276]]
[[103 197]
 [ 30 270]]
[[ 95 205]
 [ 21 279]]
[[104 196]
 [ 36 264]]
[[ 99 201]
 [ 30 270]]
