[[ 48  47]
 [ 12 507]]
[[ 49  46]
 [ 14 505]]
[[ 50  45]
 [ 17 502]]
[[ 50  45]
 [ 17 502]]
[[ 50  45]
 [ 17 502]]
[[ 50  45]
 [ 17 502]]
[[ 50  45]
 [ 17 502]]
[[ 47  48]
 [ 16 503]]
[[ 49  46]
 [ 25 494]]
[[ 47  48]
 [ 25 494]]
[[ 48  47]
 [ 27 492]]
[[ 47  48]
 [ 26 493]]
[[ 47  48]
 [ 26 493]]
[[ 47  48]
 [ 31 488]]
[[ 35  60]
 [ 22 497]]
[[ 48  47]
 [ 36 483]]
[[ 48  47]
 [ 36 483]]
[[ 45  50]
 [ 38 481]]
[[ 21  74]
 [ 22 497]]
[[ 62  33]
 [125 394]]
[[ 62  33]
 [138 381]]
[[ 62  33]
 [138 381]]
[[ 62  33]
 [138 381]]
[[ 62  33]
 [139 380]]
[[ 62  33]
 [149 370]]
