0.7685185185185185
0.7521367521367521
0.75
0.7433628318584071
0.7400881057268722
0.7400881057268722
0.7219512195121951
0.7155963302752294
0.7129629629629629
0.7117117117117117
0.7102803738317757
0.704225352112676
0.7010309278350515
0.7004608294930875
0.6990291262135923
0.696078431372549
0.6871794871794872
0.6857142857142857
0.68
0.6733668341708543
0.6728971962616822
0.6699507389162561
0.6698113207547169
0.6698113207547169
0.6697674418604651
0.6666666666666666
0.6631016042780749
0.6593406593406593
0.6530612244897959
0.6528497409326425
0.6477272727272727
0.644808743169399
0.6236559139784946
0.6169154228855721
0.5868263473053892
