[[ 82  13]
 [  4 515]]
[[ 86   9]
 [  8 511]]
[[ 83  12]
 [  6 513]]
[[ 85  10]
 [  9 510]]
[[ 85  10]
 [  9 510]]
[[ 85  10]
 [  9 510]]
[[ 83  12]
 [  8 511]]
[[ 83  12]
 [  8 511]]
[[ 85  10]
 [ 10 509]]
[[ 83  12]
 [  9 510]]
[[ 80  15]
 [  6 513]]
[[ 81  14]
 [  8 511]]
[[ 87   8]
 [ 15 504]]
[[ 86   9]
 [ 14 505]]
[[ 77  18]
 [  5 514]]
[[ 84  11]
 [ 14 505]]
[[ 77  18]
 [  7 512]]
[[ 79  16]
 [ 10 509]]
[[ 80  15]
 [ 11 508]]
[[ 81  14]
 [ 13 506]]
[[ 76  19]
 [  8 511]]
[[ 71  24]
 [  6 513]]
[[ 60  35]
 [  3 516]]
[[ 54  41]
 [  1 518]]
[[ 31  64]
 [  2 517]]
