[[ 88   7]
 [184 335]]
[[ 83  12]
 [155 364]]
[[ 94   1]
 [278 241]]
[[ 93   2]
 [260 259]]
[[ 85  10]
 [186 333]]
[[ 88   7]
 [194 325]]
[[ 92   3]
 [290 229]]
[[ 88   7]
 [198 321]]
[[ 90   5]
 [232 287]]
[[ 93   2]
 [243 276]]
[[ 90   5]
 [192 327]]
[[ 88   7]
 [192 327]]
[[ 91   4]
 [209 310]]
[[ 81  14]
 [127 392]]
[[ 89   6]
 [204 315]]
[[ 89   6]
 [185 334]]
[[ 91   4]
 [228 291]]
[[ 92   3]
 [258 261]]
[[ 93   2]
 [242 277]]
[[ 89   6]
 [189 330]]
[[ 85  10]
 [189 330]]
[[ 80  15]
 [139 380]]
[[ 85  10]
 [189 330]]
[[ 88   7]
 [241 278]]
[[ 87   8]
 [219 300]]
