[[ 96  13]
 [ 19 579]]
[[ 94  15]
 [ 19 579]]
[[ 90  19]
 [ 17 581]]
[[ 84  25]
 [ 12 586]]
[[ 98  11]
 [ 29 569]]
[[ 90  19]
 [ 22 576]]
[[ 90  19]
 [ 23 575]]
[[ 84  25]
 [ 18 580]]
[[ 69  40]
 [  6 592]]
[[102   7]
 [ 40 558]]
[[ 83  26]
 [ 21 577]]
[[ 78  31]
 [ 16 582]]
[[ 77  32]
 [ 22 576]]
[[ 78  31]
 [ 25 573]]
[[ 64  45]
 [ 16 582]]
[[ 72  37]
 [ 27 571]]
[[ 48  61]
 [  9 589]]
[[ 46  63]
 [  9 589]]
[[ 47  62]
 [ 12 586]]
[[ 31  78]
 [  1 597]]
[[ 14  95]
 [  0 598]]
[[  6 103]
 [  2 596]]
[[ 58  51]
 [ 76 522]]
[[ 46  63]
 [ 79 519]]
[[ 51  58]
 [ 84 514]]
