[[ 57  38]
 [ 22 497]]
[[ 57  38]
 [ 22 497]]
[[ 57  38]
 [ 22 497]]
[[ 57  38]
 [ 22 497]]
[[ 57  38]
 [ 22 497]]
[[ 57  38]
 [ 23 496]]
[[ 55  40]
 [ 26 493]]
[[ 52  43]
 [ 25 494]]
[[ 52  43]
 [ 25 494]]
[[ 49  46]
 [ 25 494]]
[[ 49  46]
 [ 25 494]]
[[ 49  46]
 [ 26 493]]
[[ 50  45]
 [ 27 492]]
[[ 50  45]
 [ 27 492]]
[[ 47  48]
 [ 25 494]]
[[ 44  51]
 [ 25 494]]
[[ 45  50]
 [ 27 492]]
[[ 45  50]
 [ 27 492]]
[[ 40  55]
 [ 24 495]]
[[ 40  55]
 [ 24 495]]
[[ 47  48]
 [ 31 488]]
[[ 50  45]
 [ 35 484]]
[[ 45  50]
 [ 30 489]]
[[ 27  68]
 [ 14 505]]
[[ 22  73]
 [ 12 507]]
