[[ 66  29]
 [ 33 486]]
[[ 63  32]
 [ 30 489]]
[[ 66  29]
 [ 37 482]]
[[ 65  30]
 [ 36 483]]
[[ 66  29]
 [ 40 479]]
[[ 53  42]
 [ 29 490]]
[[ 54  41]
 [ 31 488]]
[[ 66  29]
 [ 44 475]]
[[ 65  30]
 [ 44 475]]
[[ 67  28]
 [ 47 472]]
[[ 69  26]
 [ 62 457]]
[[ 66  29]
 [ 60 459]]
[[ 65  30]
 [ 59 460]]
[[ 77  18]
 [ 72 447]]
[[ 68  27]
 [ 65 454]]
[[ 71  24]
 [ 76 443]]
[[ 73  22]
 [ 78 441]]
[[ 77  18]
 [ 96 423]]
[[ 77  18]
 [121 398]]
[[ 79  16]
 [123 396]]
[[ 76  19]
 [126 393]]
[[ 80  15]
 [139 380]]
[[ 88   7]
 [182 337]]
[[ 91   4]
 [210 309]]
[[ 91   4]
 [216 303]]
