[[ 82  13]
 [  4 515]]
[[ 86   9]
 [  8 511]]
[[ 83  12]
 [  6 513]]
[[ 85  10]
 [  9 510]]
[[ 85  10]
 [  9 510]]
[[ 84  11]
 [ 10 509]]
[[ 86   9]
 [ 12 507]]
[[ 81  14]
 [  9 510]]
[[ 80  15]
 [  8 511]]
[[ 79  16]
 [  9 510]]
[[ 75  20]
 [  6 513]]
[[ 76  19]
 [  8 511]]
[[ 73  22]
 [  7 512]]
[[ 88   7]
 [ 22 497]]
[[ 71  24]
 [  6 513]]
[[ 66  29]
 [  3 516]]
[[ 84  11]
 [ 22 497]]
[[ 61  34]
 [  3 516]]
[[ 70  25]
 [ 13 506]]
[[ 70  25]
 [ 14 505]]
[[ 71  24]
 [ 15 504]]
[[ 70  25]
 [ 14 505]]
[[ 77  18]
 [ 23 496]]
[[ 77  18]
 [ 23 496]]
[[ 75  20]
 [ 34 485]]
