0.7470817120622568
0.7470817120622568
0.7470817120622568
0.7470817120622568
0.7470817120622568
0.7470817120622568
0.7470817120622568
0.7470817120622568
0.7470817120622568
0.7470817120622568
0.7470817120622568
0.7470817120622568
0.7470817120622568
0.749003984063745
0.749003984063745
0.749003984063745
0.749003984063745
0.749003984063745
0.749003984063745
0.749003984063745
0.749003984063745
0.75
0.75
0.75
0.75
0.75
0.75
0.75
0.75
0.7565217391304347
0.7565217391304347
0.7565217391304347
0.7565217391304347
0.7565217391304347
0.7565217391304347
0.7565217391304347
0.7565217391304347
0.7565217391304347
0.7565217391304347
0.7565217391304347
0.7565217391304347
0.7565217391304347
0.7565217391304347
0.7565217391304347
0.7565217391304347
