[[ 32  63]
 [ 13 506]]
[[ 20  75]
 [  3 516]]
[[ 35  60]
 [ 19 500]]
[[ 57  38]
 [ 42 477]]
[[ 28  67]
 [ 14 505]]
[[ 54  41]
 [ 43 476]]
[[ 22  73]
 [ 13 506]]
[[ 15  80]
 [  6 513]]
[[ 36  59]
 [ 30 489]]
[[ 13  82]
 [ 10 509]]
[[ 11  84]
 [ 11 508]]
[[ 52  43]
 [ 64 455]]
[[ 34  61]
 [ 50 469]]
[[ 62  33]
 [ 79 440]]
[[ 64  31]
 [ 93 426]]
[[ 56  39]
 [ 87 432]]
[[ 55  40]
 [ 93 426]]
[[ 63  32]
 [101 418]]
[[ 77  18]
 [199 320]]
[[ 83  12]
 [251 268]]
[[ 65  30]
 [243 276]]
[[ 75  20]
 [253 266]]
[[ 88   7]
 [284 235]]
[[ 87   8]
 [308 211]]
[[ 84  11]
 [306 213]]
