[[108  42]
 [ 41 109]]
[[ 92  58]
 [ 25 125]]
[[101  49]
 [ 37 113]]
[[ 99  51]
 [ 35 115]]
[[ 90  60]
 [ 27 123]]
[[100  50]
 [ 38 112]]
[[100  50]
 [ 38 112]]
[[ 99  51]
 [ 37 113]]
[[107  43]
 [ 46 104]]
[[104  46]
 [ 43 107]]
[[104  46]
 [ 43 107]]
[[109  41]
 [ 48 102]]
[[107  43]
 [ 47 103]]
[[109  41]
 [ 50 100]]
[[ 95  55]
 [ 36 114]]
[[ 94  56]
 [ 35 115]]
[[ 92  58]
 [ 34 116]]
[[111  39]
 [ 54  96]]
[[112  38]
 [ 58  92]]
[[116  34]
 [ 64  86]]
[[115  35]
 [ 65  85]]
[[116  34]
 [ 66  84]]
[[107  43]
 [ 59  91]]
[[112  38]
 [ 64  86]]
[[113  37]
 [ 66  84]]
