0.7033312382149592
0.7177134791813691
0.7177134791813691
0.7199719971997199
0.7199719971997199
0.7199719971997199
0.7199719971997199
0.7199719971997199
0.7199719971997199
0.7199719971997199
0.7199719971997199
0.7199719971997199
0.7199719971997199
0.7199719971997199
0.7199719971997199
0.7199719971997199
0.7199719971997199
0.7199719971997199
0.7199719971997199
0.7199719971997199
0.7199719971997199
0.7199719971997199
0.7199719971997199
0.7199719971997199
0.7199719971997199
0.7199719971997199
0.7199719971997199
0.7199719971997199
0.7199719971997199
0.7199719971997199
0.7199719971997199
0.7199719971997199
0.7199719971997199
0.7199719971997199
