[[126  24]
 [ 75  75]]
[[126  24]
 [ 79  71]]
[[135  15]
 [ 86  64]]
[[127  23]
 [ 83  67]]
[[137  13]
 [ 91  59]]
[[135  15]
 [ 91  59]]
[[135  15]
 [ 91  59]]
[[135  15]
 [ 94  56]]
[[141   9]
 [ 98  52]]
[[141   9]
 [ 98  52]]
[[138  12]
 [101  49]]
[[143   7]
 [104  46]]
[[143   7]
 [104  46]]
[[142   8]
 [104  46]]
[[140  10]
 [104  46]]
[[141   9]
 [105  45]]
[[142   8]
 [107  43]]
[[142   8]
 [109  41]]
[[142   8]
 [112  38]]
[[147   3]
 [116  34]]
[[143   7]
 [115  35]]
[[144   6]
 [116  34]]
[[146   4]
 [117  33]]
[[142   8]
 [119  31]]
[[146   4]
 [126  24]]
