[[ 47  48]
 [  5 514]]
[[ 51  44]
 [ 11 508]]
[[ 49  46]
 [  9 510]]
[[ 50  45]
 [ 10 509]]
[[ 50  45]
 [ 11 508]]
[[ 50  45]
 [ 13 506]]
[[ 42  53]
 [ 11 508]]
[[ 48  47]
 [ 18 501]]
[[ 44  51]
 [ 16 503]]
[[ 49  46]
 [ 21 498]]
[[ 44  51]
 [ 16 503]]
[[ 45  50]
 [ 18 501]]
[[ 50  45]
 [ 23 496]]
[[ 43  52]
 [ 17 502]]
[[ 46  49]
 [ 21 498]]
[[ 49  46]
 [ 26 493]]
[[ 38  57]
 [ 15 504]]
[[ 36  59]
 [ 15 504]]
[[ 42  53]
 [ 21 498]]
[[ 40  55]
 [ 19 500]]
[[ 37  58]
 [ 19 500]]
[[ 42  53]
 [ 24 495]]
[[ 35  60]
 [ 19 500]]
[[ 22  73]
 [ 15 504]]
[[ 23  72]
 [ 18 501]]
