0.43282008571112296
0.435106118388327
0.43877075397399423
0.43877075397399423
0.44063158654168233
0.44840106130428714
0.4631103663361728
0.4631103663361728
0.4631103663361728
0.4631103663361728
0.4631103663361728
0.4631103663361728
0.4631103663361728
0.4631103663361728
0.46712200916341423
0.46712200916341423
0.4731012658227848
0.4731012658227848
0.4731012658227848
0.4731012658227848
0.4731012658227848
0.4731012658227848
0.4731012658227848
0.4731012658227848
0.4731012658227848
0.4731012658227848
0.4731012658227848
