[[111  39]
 [ 41 109]]
[[111  39]
 [ 41 109]]
[[110  40]
 [ 41 109]]
[[108  42]
 [ 41 109]]
[[105  45]
 [ 38 112]]
[[107  43]
 [ 41 109]]
[[112  38]
 [ 46 104]]
[[105  45]
 [ 43 107]]
[[109  41]
 [ 47 103]]
[[ 98  52]
 [ 36 114]]
[[ 89  61]
 [ 27 123]]
[[ 89  61]
 [ 27 123]]
[[102  48]
 [ 42 108]]
[[102  48]
 [ 42 108]]
[[106  44]
 [ 47 103]]
[[103  47]
 [ 46 104]]
[[116  34]
 [ 61  89]]
[[109  41]
 [ 56  94]]
[[110  40]
 [ 57  93]]
[[110  40]
 [ 57  93]]
[[115  35]
 [ 62  88]]
[[103  47]
 [ 51  99]]
[[113  37]
 [ 67  83]]
[[113  37]
 [ 67  83]]
[[100  50]
 [ 58  92]]
