0.664320248503219
0.664320248503219
0.664320248503219
0.664320248503219
0.664320248503219
0.664320248503219
0.664320248503219
0.6726342710997443
0.6726342710997443
0.6726342710997443
0.6807782929239188
0.6807782929239188
0.6807782929239188
0.6807782929239188
0.6807782929239188
0.6807782929239188
0.6807782929239188
0.6807782929239188
0.6807782929239188
0.6807782929239188
0.6807782929239188
0.6807782929239188
0.6807782929239188
0.6807782929239188
0.6807782929239188
0.6807782929239188
0.6807782929239188
0.6899689968996899
0.6899689968996899
0.6899689968996899
0.6899689968996899
0.6899689968996899
0.6899689968996899
0.6899689968996899
0.6899689968996899
0.6899689968996899
0.6899689968996899
0.6899689968996899
0.6899689968996899
0.6899689968996899
0.6899689968996899
0.6899689968996899
0.6899689968996899
0.6899689968996899
0.6899689968996899
0.6899689968996899
0.6899689968996899
0.6899689968996899
