[[ 52  43]
 [  8 511]]
[[ 47  48]
 [  5 514]]
[[ 44  51]
 [  3 516]]
[[ 51  44]
 [ 11 508]]
[[ 51  44]
 [ 11 508]]
[[ 51  44]
 [ 11 508]]
[[ 51  44]
 [ 13 506]]
[[ 53  42]
 [ 15 504]]
[[ 52  43]
 [ 17 502]]
[[ 47  48]
 [ 12 507]]
[[ 43  52]
 [  8 511]]
[[ 51  44]
 [ 17 502]]
[[ 46  49]
 [ 12 507]]
[[ 46  49]
 [ 13 506]]
[[ 46  49]
 [ 13 506]]
[[ 47  48]
 [ 17 502]]
[[ 47  48]
 [ 18 501]]
[[ 30  65]
 [  1 518]]
[[ 38  57]
 [ 10 509]]
[[ 30  65]
 [  3 516]]
[[ 46  49]
 [ 19 500]]
[[ 39  56]
 [ 15 504]]
[[ 20  75]
 [  1 518]]
[[ 17  78]
 [  1 518]]
[[ 13  82]
 [ 11 508]]
