[[131  19]
 [ 39 111]]
[[131  19]
 [ 40 110]]
[[125  25]
 [ 38 112]]
[[133  17]
 [ 46 104]]
[[115  35]
 [ 29 121]]
[[125  25]
 [ 39 111]]
[[124  26]
 [ 41 109]]
[[119  31]
 [ 40 110]]
[[118  32]
 [ 41 109]]
[[125  25]
 [ 48 102]]
[[118  32]
 [ 42 108]]
[[126  24]
 [ 53  97]]
[[115  35]
 [ 43 107]]
[[119  31]
 [ 47 103]]
[[121  29]
 [ 49 101]]
[[122  28]
 [ 51  99]]
[[114  36]
 [ 47 103]]
[[118  32]
 [ 51  99]]
[[119  31]
 [ 55  95]]
[[120  30]
 [ 57  93]]
[[118  32]
 [ 57  93]]
[[115  35]
 [ 58  92]]
[[112  38]
 [ 61  89]]
[[122  28]
 [ 70  80]]
[[130  20]
 [ 79  71]]
