[[ 48  47]
 [ 12 507]]
[[ 48  47]
 [ 12 507]]
[[ 49  46]
 [ 14 505]]
[[ 48  47]
 [ 14 505]]
[[ 50  45]
 [ 17 502]]
[[ 50  45]
 [ 17 502]]
[[ 50  45]
 [ 17 502]]
[[ 49  46]
 [ 16 503]]
[[ 48  47]
 [ 17 502]]
[[ 47  48]
 [ 19 500]]
[[ 45  50]
 [ 20 499]]
[[ 47  48]
 [ 24 495]]
[[ 47  48]
 [ 24 495]]
[[ 30  65]
 [ 19 500]]
[[ 30  65]
 [ 19 500]]
[[ 20  75]
 [ 21 498]]
[[ 15  80]
 [ 19 500]]
[[ 16  79]
 [ 22 497]]
[[ 23  72]
 [ 31 488]]
[[ 15  80]
 [ 23 496]]
[[ 14  81]
 [ 24 495]]
[[ 16  79]
 [ 26 493]]
[[ 16  79]
 [ 26 493]]
[[ 16  79]
 [ 26 493]]
[[ 13  82]
 [ 26 493]]
