[[108   1]
 [ 28 570]]
[[ 96  13]
 [ 19 579]]
[[ 94  15]
 [ 19 579]]
[[ 99  10]
 [ 25 573]]
[[ 92  17]
 [ 18 580]]
[[ 95  14]
 [ 21 577]]
[[ 98  11]
 [ 25 573]]
[[ 93  16]
 [ 20 578]]
[[ 96  13]
 [ 24 574]]
[[ 90  19]
 [ 18 580]]
[[ 99  10]
 [ 29 569]]
[[ 89  20]
 [ 20 578]]
[[ 82  27]
 [ 16 582]]
[[ 95  14]
 [ 30 568]]
[[ 79  30]
 [ 16 582]]
[[102   7]
 [ 40 558]]
[[ 75  34]
 [ 15 583]]
[[ 67  42]
 [  9 589]]
[[103   6]
 [ 47 551]]
[[ 71  38]
 [ 20 578]]
[[ 88  21]
 [ 37 561]]
[[ 65  44]
 [ 15 583]]
[[ 57  52]
 [ 21 577]]
[[106   3]
 [117 481]]
[[108   1]
 [132 466]]
