[[205  32]
 [190  47]]
[[199  38]
 [188  49]]
[[226  11]
 [201  36]]
[[218  19]
 [198  39]]
[[213  24]
 [196  41]]
[[219  18]
 [205  32]]
[[203  34]
 [200  37]]
[[205  32]
 [201  36]]
[[212  25]
 [205  32]]
[[209  28]
 [204  33]]
[[206  31]
 [203  34]]
[[215  22]
 [207  30]]
[[209  28]
 [205  32]]
[[211  26]
 [207  30]]
[[208  29]
 [206  31]]
[[202  35]
 [204  33]]
[[213  24]
 [210  27]]
[[213  24]
 [210  27]]
[[213  24]
 [211  26]]
[[207  30]
 [209  28]]
[[209  28]
 [210  27]]
[[204  33]
 [211  26]]
[[202  35]
 [212  25]]
[[212  25]
 [216  21]]
[[208  29]
 [215  22]]
