[[108  42]
 [ 41 109]]
[[107  43]
 [ 41 109]]
[[ 92  58]
 [ 25 125]]
[[102  48]
 [ 36 114]]
[[101  49]
 [ 37 113]]
[[ 99  51]
 [ 35 115]]
[[100  50]
 [ 37 113]]
[[ 98  52]
 [ 35 115]]
[[ 98  52]
 [ 36 114]]
[[ 97  53]
 [ 38 112]]
[[ 91  59]
 [ 32 118]]
[[ 82  68]
 [ 22 128]]
[[ 82  68]
 [ 29 121]]
[[115  35]
 [ 63  87]]
[[ 83  67]
 [ 33 117]]
[[ 75  75]
 [ 26 124]]
[[119  31]
 [ 72  78]]
[[125  25]
 [ 79  71]]
[[122  28]
 [ 77  73]]
[[ 81  69]
 [ 38 112]]
[[ 78  72]
 [ 35 115]]
[[111  39]
 [ 71  79]]
[[127  23]
 [ 84  66]]
[[117  33]
 [ 77  73]]
[[126  24]
 [ 87  63]]
