[[ 16 184]
 [  3 197]]
[[ 29 171]
 [  6 194]]
[[ 62 138]
 [ 15 185]]
[[ 25 175]
 [  3 197]]
[[ 59 141]
 [ 12 188]]
[[ 42 158]
 [ 12 188]]
[[ 21 179]
 [  4 196]]
[[ 19 181]
 [  3 197]]
[[ 52 148]
 [ 12 188]]
[[ 28 172]
 [  3 197]]
[[ 32 168]
 [  4 196]]
[[ 37 163]
 [  6 194]]
[[ 25 175]
 [  3 197]]
[[ 36 164]
 [  4 196]]
[[ 62 138]
 [ 12 188]]
[[ 59 141]
 [ 12 188]]
[[ 33 167]
 [  4 196]]
[[ 29 171]
 [  4 196]]
[[ 26 174]
 [  4 196]]
[[ 78 122]
 [ 23 177]]
[[ 22 178]
 [  2 198]]
[[ 35 165]
 [  8 192]]
[[ 20 180]
 [  1 199]]
[[ 60 140]
 [  9 191]]
[[ 84 116]
 [ 21 179]]
