0.7685185185185185
0.7521367521367521
0.75
0.7443946188340808
0.7433628318584071
0.7397260273972602
0.7298578199052133
0.7289719626168224
0.7280701754385965
0.7257383966244726
0.72
0.7136563876651982
0.7058823529411765
0.6976744186046512
0.6905829596412556
0.6844444444444444
0.6767676767676768
0.6697674418604651
0.6666666666666666
0.6559139784946236
0.6538461538461539
0.6534653465346535
0.6502463054187192
0.647887323943662
0.6387434554973822
0.6336633663366337
0.6122448979591837
0.5942857142857143
0.5901639344262295
0.5520833333333334
0.5513513513513514
0.5301204819277109
0.5185185185185185
0.30158730158730157
0.14545454545454545
