[[ 47  48]
 [  5 514]]
[[ 49  46]
 [  9 510]]
[[ 50  45]
 [ 10 509]]
[[ 43  52]
 [  4 515]]
[[ 45  50]
 [  7 512]]
[[ 45  50]
 [  7 512]]
[[ 48  47]
 [ 10 509]]
[[ 50  45]
 [ 12 507]]
[[ 46  49]
 [ 11 508]]
[[ 53  42]
 [ 19 500]]
[[ 36  59]
 [  3 516]]
[[ 44  51]
 [ 11 508]]
[[ 38  57]
 [  7 512]]
[[ 33  62]
 [  3 516]]
[[ 40  55]
 [ 10 509]]
[[ 37  58]
 [  7 512]]
[[ 48  47]
 [ 18 501]]
[[ 39  56]
 [ 10 509]]
[[ 33  62]
 [  4 515]]
[[ 48  47]
 [ 20 499]]
[[ 31  64]
 [  4 515]]
[[  4  91]
 [  2 517]]
[[  3  92]
 [  3 516]]
[[  6  89]
 [  6 513]]
[[ 58  37]
 [ 88 431]]
