0.7092731829573935
0.7095352564102564
0.7095352564102564
0.7095352564102564
0.7095352564102564
0.7095352564102564
0.7095352564102564
0.7095352564102564
0.7095352564102564
0.7095352564102564
0.7095352564102564
0.7095352564102564
0.7095352564102564
0.7095352564102564
0.7095352564102564
0.7095352564102564
0.7095352564102564
0.7095352564102564
0.7148217636022514
0.7148217636022514
0.7148217636022514
0.7148217636022514
0.7148217636022514
0.7148217636022514
0.7148217636022514
0.7148217636022514
0.7148217636022514
0.7148217636022514
0.7148217636022514
0.7148217636022514
0.7148217636022514
0.7148217636022514
0.7148217636022514
0.7148217636022514
0.7148217636022514
0.7148217636022514
0.7148217636022514
0.7148217636022514
0.7148217636022514
0.7148217636022514
0.7148217636022514
0.7148217636022514
0.7148217636022514
0.7148217636022514
0.7148217636022514
0.7148217636022514
0.7148217636022514
0.7148217636022514
0.7148217636022514
