[[ 34  33  28]
 [  5 442  72]
 [ 19 260 144]]
[[ 37  30  28]
 [  9 425  85]
 [ 24 242 157]]
[[ 16  29  50]
 [  9 404 106]
 [ 12 213 198]]
[[ 35  31  29]
 [  7 425  87]
 [ 18 249 156]]
[[ 34  31  30]
 [  9 422  88]
 [ 20 246 157]]
[[  2  27  66]
 [  0 377 142]
 [  0 210 213]]
[[  2  36  57]
 [ 14 446  59]
 [ 21 263 139]]
[[  3  35  57]
 [ 13 413  93]
 [  7 253 163]]
[[  0  24  71]
 [  3 323 193]
 [  5 171 247]]
[[  5  36  54]
 [ 10 440  69]
 [ 27 272 124]]
[[  3  35  57]
 [  9 405 105]
 [  5 259 159]]
[[  3  36  56]
 [ 15 429  75]
 [ 14 274 135]]
[[ 12  37  46]
 [ 25 416  78]
 [ 30 256 137]]
[[  6  37  52]
 [ 16 432  71]
 [ 19 279 125]]
[[  4  37  54]
 [  9 437  73]
 [ 13 289 121]]
[[  7  40  48]
 [ 21 417  81]
 [ 26 259 138]]
[[  7  34  54]
 [ 20 390 109]
 [  8 254 161]]
[[  3  31  61]
 [ 19 377 123]
 [ 11 234 178]]
[[  7  38  50]
 [ 13 426  80]
 [ 23 282 118]]
[[ 29  43  23]
 [ 15 473  31]
 [ 68 318  37]]
[[ 43  47   5]
 [ 26 468  25]
 [ 76 322  25]]
[[ 44  47   4]
 [ 28 471  20]
 [ 76 330  17]]
[[  6  45  44]
 [ 26 431  62]
 [ 35 308  80]]
[[  5  47  43]
 [ 24 442  53]
 [ 44 311  68]]
[[ 13  73   9]
 [ 29 467  23]
 [ 71 318  34]]
