[[ 79  16]
 [101 418]]
[[ 77  18]
 [107 412]]
[[ 77  18]
 [112 407]]
[[ 82  13]
 [117 402]]
[[ 83  12]
 [120 399]]
[[ 85  10]
 [131 388]]
[[ 85  10]
 [131 388]]
[[ 81  14]
 [128 391]]
[[ 82  13]
 [133 386]]
[[ 85  10]
 [136 383]]
[[ 84  11]
 [151 368]]
[[ 82  13]
 [151 368]]
[[ 76  19]
 [147 372]]
[[ 83  12]
 [155 364]]
[[ 85  10]
 [163 356]]
[[ 84  11]
 [169 350]]
[[ 89   6]
 [181 338]]
[[ 82  13]
 [177 342]]
[[ 82  13]
 [180 339]]
[[ 85  10]
 [192 327]]
[[ 86   9]
 [197 322]]
[[ 84  11]
 [203 316]]
[[ 85  10]
 [216 303]]
[[ 86   9]
 [219 300]]
[[ 88   7]
 [229 290]]
