[[108   1]
 [ 28 570]]
[[ 96  13]
 [ 19 579]]
[[ 94  15]
 [ 19 579]]
[[ 99  10]
 [ 25 573]]
[[ 92  17]
 [ 18 580]]
[[ 98  11]
 [ 26 572]]
[[ 97  12]
 [ 28 570]]
[[106   3]
 [ 39 559]]
[[104   5]
 [ 37 561]]
[[105   4]
 [ 40 558]]
[[104   5]
 [ 45 553]]
[[ 96  13]
 [ 38 560]]
[[ 84  25]
 [ 28 570]]
[[ 97  12]
 [ 44 554]]
[[ 74  35]
 [ 21 577]]
[[ 76  33]
 [ 27 571]]
[[ 64  45]
 [ 22 576]]
[[105   4]
 [ 73 525]]
[[ 32  77]
 [ 10 588]]
[[109   0]
 [ 90 508]]
[[105   4]
 [ 93 505]]
[[  7 102]
 [  0 598]]
[[107   2]
 [130 468]]
[[ 89  20]
 [129 469]]
[[ 90  19]
 [166 432]]
