[[ 40  31  24]
 [ 72 390  57]
 [ 44 254 125]]
[[  1  32  62]
 [  2 407 110]
 [  0 243 180]]
[[ 49  30  16]
 [119 350  50]
 [ 84 234 105]]
[[  3  27  65]
 [ 12 404 103]
 [  1 255 167]]
[[ 38  35  22]
 [ 24 437  58]
 [ 16 288 119]]
[[ 32  31  32]
 [ 15 421  83]
 [ 11 276 136]]
[[ 12  35  48]
 [ 17 446  56]
 [  5 277 141]]
[[  9  37  49]
 [ 28 432  59]
 [ 12 268 143]]
[[  2  28  65]
 [ 11 372 136]
 [  4 217 202]]
[[ 12  32  51]
 [ 10 426  83]
 [  8 251 164]]
[[ 18  38  39]
 [ 22 442  55]
 [ 25 288 110]]
[[  6  34  55]
 [ 16 440  63]
 [  9 284 130]]
[[  4  27  64]
 [ 31 354 134]
 [ 18 218 187]]
[[ 35  34  26]
 [ 10 431  78]
 [ 13 280 130]]
[[ 54  33   8]
 [ 82 400  37]
 [ 76 269  78]]
[[ 15  34  46]
 [ 25 406  88]
 [ 15 255 153]]
[[ 12  19  64]
 [ 40 380  99]
 [ 12 206 205]]
[[ 36  30  29]
 [ 23 427  69]
 [ 15 279 129]]
[[  1  28  66]
 [  5 393 121]
 [  4 238 181]]
[[ 17  43  35]
 [ 28 462  29]
 [ 64 309  50]]
[[ 38  30  27]
 [ 66 391  62]
 [ 47 252 124]]
[[  1  28  66]
 [ 11 395 113]
 [  1 229 193]]
[[ 49  30  16]
 [114 363  42]
 [ 95 236  92]]
[[ 13  39  43]
 [  2 447  70]
 [  7 307 109]]
[[  8  29  58]
 [ 10 394 115]
 [  7 250 166]]
