[[ 52  43]
 [  8 511]]
[[ 52  43]
 [  8 511]]
[[ 52  43]
 [  8 511]]
[[ 47  48]
 [  5 514]]
[[ 48  47]
 [  7 512]]
[[ 47  48]
 [  6 513]]
[[ 46  49]
 [  6 513]]
[[ 45  50]
 [  7 512]]
[[ 45  50]
 [  7 512]]
[[ 42  53]
 [  6 513]]
[[ 50  45]
 [ 16 503]]
[[ 33  62]
 [  2 517]]
[[ 31  64]
 [  2 517]]
[[ 28  67]
 [  1 518]]
[[ 34  61]
 [  7 512]]
[[ 25  70]
 [  4 515]]
[[ 22  73]
 [  2 517]]
[[ 20  75]
 [  4 515]]
[[ 17  78]
 [  3 516]]
[[ 15  80]
 [  2 517]]
[[ 11  84]
 [  1 518]]
[[  9  86]
 [  1 518]]
[[  5  90]
 [  1 518]]
[[  6  89]
 [  3 516]]
[[  9  86]
 [  7 512]]
