[[131  19]
 [ 40 110]]
[[133  17]
 [ 46 104]]
[[124  26]
 [ 41 109]]
[[132  18]
 [ 49 101]]
[[122  28]
 [ 41 109]]
[[125  25]
 [ 44 106]]
[[126  24]
 [ 47 103]]
[[ 97  53]
 [ 21 129]]
[[117  33]
 [ 42 108]]
[[119  31]
 [ 44 106]]
[[114  36]
 [ 41 109]]
[[119  31]
 [ 47 103]]
[[102  48]
 [ 35 115]]
[[128  22]
 [ 60  90]]
[[137  13]
 [ 68  82]]
[[132  18]
 [ 64  86]]
[[137  13]
 [ 69  81]]
[[117  33]
 [ 52  98]]
[[116  34]
 [ 52  98]]
[[129  21]
 [ 67  83]]
[[140  10]
 [ 76  74]]
[[136  14]
 [ 73  77]]
[[134  16]
 [ 72  78]]
[[122  28]
 [ 65  85]]
[[113  37]
 [ 58  92]]
