[[ 15  25]
 [ 13 147]]
[[ 16  24]
 [ 16 144]]
[[ 12  28]
 [  7 153]]
[[ 13  27]
 [ 10 150]]
[[ 13  27]
 [ 11 149]]
[[ 13  27]
 [ 11 149]]
[[ 12  28]
 [ 11 149]]
[[ 11  29]
 [ 11 149]]
[[  9  31]
 [  6 154]]
[[ 11  29]
 [ 13 147]]
[[ 11  29]
 [ 14 146]]
[[ 11  29]
 [ 14 146]]
[[ 11  29]
 [ 14 146]]
[[ 10  30]
 [ 14 146]]
[[  8  32]
 [  7 153]]
[[ 10  30]
 [ 15 145]]
[[ 12  28]
 [ 22 138]]
[[ 10  30]
 [ 16 144]]
[[  9  31]
 [ 13 147]]
[[  6  34]
 [  4 156]]
[[  6  34]
 [  5 155]]
[[  7  33]
 [ 11 149]]
[[  6  34]
 [  7 153]]
[[  5  35]
 [  5 155]]
[[  4  36]
 [  1 159]]
