[[ 11  29]
 [ 11 149]]
[[  9  31]
 [  8 152]]
[[ 10  30]
 [ 12 148]]
[[ 11  29]
 [ 16 144]]
[[  9  31]
 [ 10 150]]
[[ 12  28]
 [ 21 139]]
[[  9  31]
 [ 12 148]]
[[  8  32]
 [  9 151]]
[[  8  32]
 [  9 151]]
[[  7  33]
 [  6 154]]
[[ 10  30]
 [ 19 141]]
[[ 16  24]
 [ 38 122]]
[[ 16  24]
 [ 39 121]]
[[ 21  19]
 [ 53 107]]
[[ 10  30]
 [ 23 137]]
[[ 12  28]
 [ 34 126]]
[[  6  34]
 [ 11 149]]
[[  9  31]
 [ 26 134]]
[[  4  36]
 [  5 155]]
[[  0  40]
 [  0 160]]
[[  0  40]
 [  0 160]]
[[  0  40]
 [  0 160]]
[[  0  40]
 [  0 160]]
[[  0  40]
 [  0 160]]
[[  0  40]
 [  0 160]]
