0.7033312382149592
0.7046381817726715
0.7046381817726715
0.7046381817726715
0.7046381817726715
0.7046381817726715
0.7046381817726715
0.7046381817726715
0.7046381817726715
0.7046381817726715
0.7046381817726715
0.7046381817726715
0.7046381817726715
0.7046381817726715
0.7046381817726715
0.7046381817726715
0.7046381817726715
0.7046381817726715
0.7046381817726715
0.7046381817726715
0.7046381817726715
0.7046381817726715
0.7046381817726715
0.7046381817726715
0.7046381817726715
0.7046381817726715
0.7046381817726715
0.7046381817726715
0.7046381817726715
0.7046381817726715
0.7046381817726715
0.7046381817726715
