[[ 52  43]
 [  8 511]]
[[ 52  43]
 [  8 511]]
[[ 47  48]
 [  5 514]]
[[ 47  48]
 [  6 513]]
[[ 48  47]
 [  7 512]]
[[ 44  51]
 [  3 516]]
[[ 46  49]
 [  5 514]]
[[ 48  47]
 [  7 512]]
[[ 45  50]
 [  5 514]]
[[ 45  50]
 [  5 514]]
[[ 51  44]
 [ 12 507]]
[[ 45  50]
 [  6 513]]
[[ 46  49]
 [  8 511]]
[[ 54  41]
 [ 18 501]]
[[ 49  46]
 [ 13 506]]
[[ 43  52]
 [  7 512]]
[[ 39  56]
 [  4 515]]
[[ 37  58]
 [  3 516]]
[[ 42  53]
 [  9 510]]
[[ 39  56]
 [  6 513]]
[[ 45  50]
 [ 17 502]]
[[ 35  60]
 [  8 511]]
[[ 26  69]
 [  1 518]]
[[ 27  68]
 [  2 517]]
[[ 32  63]
 [  7 512]]
