0.7033312382149592
0.7098839535814325
0.7098839535814325
0.7098839535814325
0.7098839535814325
0.7098839535814325
0.7098839535814325
0.7098839535814325
0.7098839535814325
0.7098839535814325
0.7098839535814325
0.7098839535814325
0.7098839535814325
0.7098839535814325
0.7098839535814325
0.7098839535814325
0.7098839535814325
0.7098839535814325
0.7098839535814325
0.7098839535814325
0.7098839535814325
0.7098839535814325
0.7098839535814325
0.7098839535814325
0.7098839535814325
0.7098839535814325
0.7098839535814325
0.7098839535814325
0.7098839535814325
0.7098839535814325
0.7098839535814325
0.7098839535814325
