[[ 57  38]
 [ 22 497]]
[[ 57  38]
 [ 22 497]]
[[ 57  38]
 [ 22 497]]
[[ 57  38]
 [ 22 497]]
[[ 57  38]
 [ 22 497]]
[[ 57  38]
 [ 22 497]]
[[ 59  36]
 [ 25 494]]
[[ 59  36]
 [ 28 491]]
[[ 55  40]
 [ 26 493]]
[[ 59  36]
 [ 33 486]]
[[ 55  40]
 [ 30 489]]
[[ 49  46]
 [ 26 493]]
[[ 49  46]
 [ 26 493]]
[[ 44  51]
 [ 25 494]]
[[ 44  51]
 [ 25 494]]
[[ 44  51]
 [ 25 494]]
[[ 52  43]
 [ 34 485]]
[[ 61  34]
 [ 43 476]]
[[ 52  43]
 [ 34 485]]
[[ 52  43]
 [ 34 485]]
[[ 40  55]
 [ 24 495]]
[[ 40  55]
 [ 24 495]]
[[ 59  36]
 [ 44 475]]
[[ 63  32]
 [ 48 471]]
[[ 51  44]
 [ 37 482]]
