[[ 85  24]
 [ 97 501]]
[[ 86  23]
 [106 492]]
[[ 91  18]
 [119 479]]
[[ 84  25]
 [115 483]]
[[ 88  21]
 [121 477]]
[[ 58  51]
 [ 98 500]]
[[ 67  42]
 [110 488]]
[[ 67  42]
 [110 488]]
[[ 63  46]
 [107 491]]
[[ 48  61]
 [102 496]]
[[ 92  17]
 [146 452]]
[[ 92  17]
 [147 451]]
[[ 92  17]
 [147 451]]
[[ 94  15]
 [157 441]]
[[ 72  37]
 [138 460]]
[[ 62  47]
 [130 468]]
[[ 96  13]
 [165 433]]
[[ 61  48]
 [139 459]]
[[ 60  49]
 [143 455]]
[[ 60  49]
 [145 453]]
[[ 57  52]
 [143 455]]
[[ 58  51]
 [145 453]]
[[ 62  47]
 [157 441]]
[[ 66  43]
 [163 435]]
[[ 69  40]
 [175 423]]
