[[130  20]
 [ 56  94]]
[[130  20]
 [ 56  94]]
[[139  11]
 [ 68  82]]
[[139  11]
 [ 68  82]]
[[126  24]
 [ 57  93]]
[[121  29]
 [ 55  95]]
[[132  18]
 [ 68  82]]
[[132  18]
 [ 68  82]]
[[132  18]
 [ 68  82]]
[[132  18]
 [ 68  82]]
[[131  19]
 [ 68  82]]
[[115  35]
 [ 57  93]]
[[116  34]
 [ 61  89]]
[[135  15]
 [ 77  73]]
[[135  15]
 [ 77  73]]
[[132  18]
 [ 76  74]]
[[134  16]
 [ 78  72]]
[[134  16]
 [ 78  72]]
[[137  13]
 [ 82  68]]
[[113  37]
 [ 63  87]]
[[140  10]
 [ 87  63]]
[[132  18]
 [ 85  65]]
[[137  13]
 [ 94  56]]
[[139  11]
 [ 97  53]]
[[140  10]
 [104  46]]
