[[ 47  48]
 [ 24 495]]
[[ 49  46]
 [ 29 490]]
[[ 54  41]
 [ 36 483]]
[[ 41  54]
 [ 26 493]]
[[ 64  31]
 [ 50 469]]
[[ 29  66]
 [ 21 498]]
[[ 65  30]
 [ 57 462]]
[[ 67  28]
 [ 69 450]]
[[ 56  39]
 [ 59 460]]
[[ 65  30]
 [ 70 449]]
[[ 65  30]
 [ 73 446]]
[[ 15  80]
 [ 23 496]]
[[ 68  27]
 [ 77 442]]
[[ 56  39]
 [ 67 452]]
[[ 72  23]
 [ 84 435]]
[[ 66  29]
 [ 84 435]]
[[ 74  21]
 [ 92 427]]
[[ 72  23]
 [ 97 422]]
[[ 72  23]
 [ 98 421]]
[[ 80  15]
 [108 411]]
[[ 74  21]
 [106 413]]
[[ 71  24]
 [106 413]]
[[ 67  28]
 [107 412]]
[[ 74  21]
 [127 392]]
[[ 85  10]
 [175 344]]
