[[109   0]
 [ 57 541]]
[[109   0]
 [ 65 533]]
[[109   0]
 [ 67 531]]
[[109   0]
 [ 68 530]]
[[109   0]
 [ 69 529]]
[[109   0]
 [ 74 524]]
[[109   0]
 [ 79 519]]
[[109   0]
 [ 91 507]]
[[109   0]
 [ 91 507]]
[[109   0]
 [ 98 500]]
[[107   2]
 [116 482]]
[[108   1]
 [122 476]]
[[108   1]
 [133 465]]
[[109   0]
 [157 441]]
[[109   0]
 [157 441]]
[[109   0]
 [159 439]]
[[109   0]
 [174 424]]
[[109   0]
 [180 418]]
[[109   0]
 [180 418]]
[[109   0]
 [183 415]]
[[109   0]
 [227 371]]
[[109   0]
 [296 302]]
[[109   0]
 [296 302]]
[[109   0]
 [316 282]]
[[109   0]
 [330 268]]
