[[ 14  26]
 [ 17 143]]
[[ 15  25]
 [ 20 140]]
[[ 11  29]
 [ 11 149]]
[[ 14  26]
 [ 22 138]]
[[ 13  27]
 [ 20 140]]
[[ 10  30]
 [ 11 149]]
[[  8  32]
 [  4 156]]
[[ 13  27]
 [ 21 139]]
[[  9  31]
 [  8 152]]
[[ 10  30]
 [ 12 148]]
[[ 10  30]
 [ 12 148]]
[[  9  31]
 [  9 151]]
[[ 11  29]
 [ 16 144]]
[[  9  31]
 [ 10 150]]
[[ 11  29]
 [ 18 142]]
[[ 12  28]
 [ 22 138]]
[[  8  32]
 [  9 151]]
[[  9  31]
 [ 13 147]]
[[  7  33]
 [  5 155]]
[[  7  33]
 [  5 155]]
[[ 15  25]
 [ 33 127]]
[[ 13  27]
 [ 28 132]]
[[  9  31]
 [ 16 144]]
[[  7  33]
 [  9 151]]
[[  8  32]
 [ 20 140]]
