[[ 15  35  45]
 [ 12 451  56]
 [  7 270 146]]
[[ 16  26  53]
 [ 15 403 101]
 [ 13 219 191]]
[[ 17  31  47]
 [ 17 448  54]
 [ 12 272 139]]
[[ 12  32  51]
 [ 10 426  83]
 [  8 251 164]]
[[  5  36  54]
 [  5 431  83]
 [  3 255 165]]
[[ 12  35  48]
 [ 17 446  56]
 [  5 277 141]]
[[  4  34  57]
 [  5 429  85]
 [  3 254 166]]
[[ 12  19  64]
 [ 40 380  99]
 [ 12 206 205]]
[[ 36  40  19]
 [ 10 433  76]
 [ 11 284 128]]
[[ 18  26  51]
 [  8 393 118]
 [  7 232 184]]
[[ 11  30  54]
 [ 18 412  89]
 [  5 249 169]]
[[  0  34  61]
 [  5 395 119]
 [  1 225 197]]
[[  1  34  60]
 [ 16 410  93]
 [  8 234 181]]
[[ 27  30  38]
 [ 16 399 104]
 [ 11 247 165]]
[[  6  36  53]
 [  5 419  95]
 [  3 256 164]]
[[ 14  30  51]
 [ 21 407  91]
 [  7 250 166]]
[[  8  34  53]
 [  7 404 108]
 [  5 249 169]]
[[  6  31  58]
 [ 19 411  89]
 [  5 257 161]]
[[  0  32  63]
 [  8 386 125]
 [  3 228 192]]
[[  1  33  61]
 [ 18 387 114]
 [  7 227 189]]
[[  2  32  61]
 [ 25 384 110]
 [ 15 220 188]]
[[  1  34  60]
 [ 21 413  85]
 [  1 269 153]]
[[  8  25  62]
 [ 34 334 151]
 [  7 195 221]]
[[ 34  26  35]
 [ 34 349 136]
 [ 53 192 178]]
[[ 20  23  52]
 [ 41 304 174]
 [ 44 173 206]]
