0.7325865940109488
0.7325865940109488
0.7325865940109488
0.7325865940109488
0.7325865940109488
0.7325865940109488
0.7325865940109488
0.7325865940109488
0.7325865940109488
0.7325865940109488
0.7325865940109488
0.7325865940109488
0.7325865940109488
0.7325865940109488
0.7325865940109488
0.7325865940109488
0.7325865940109488
0.7325865940109488
0.7325865940109488
0.7325865940109488
0.7325865940109488
0.7325865940109488
0.7325865940109488
0.7325865940109488
0.7325865940109488
0.7325865940109488
0.7325865940109488
0.7325865940109488
0.7325865940109488
0.7325865940109488
0.7325865940109488
