[[ 52  43]
 [  8 511]]
[[ 47  48]
 [  5 514]]
[[ 44  51]
 [  3 516]]
[[ 51  44]
 [ 11 508]]
[[ 51  44]
 [ 11 508]]
[[ 55  40]
 [ 16 503]]
[[ 45  50]
 [ 11 508]]
[[ 47  48]
 [ 14 505]]
[[ 39  56]
 [  6 513]]
[[ 38  57]
 [  6 513]]
[[ 44  51]
 [ 15 504]]
[[ 36  59]
 [  8 511]]
[[ 33  62]
 [  6 513]]
[[ 42  53]
 [ 17 502]]
[[ 36  59]
 [ 12 507]]
[[ 26  69]
 [  2 517]]
[[ 35  60]
 [ 13 506]]
[[ 23  72]
 [  3 516]]
[[ 40  55]
 [ 33 486]]
[[ 48  47]
 [ 48 471]]
[[ 30  65]
 [ 36 483]]
[[ 22  73]
 [ 32 487]]
[[ 30  65]
 [ 41 478]]
[[ 50  45]
 [ 62 457]]
[[ 27  68]
 [ 46 473]]
