[[213  24]
 [201  36]]
[[210  27]
 [202  35]]
[[224  13]
 [208  29]]
[[211  26]
 [204  33]]
[[215  22]
 [206  31]]
[[207  30]
 [203  34]]
[[219  18]
 [209  28]]
[[206  31]
 [205  32]]
[[211  26]
 [208  29]]
[[205  32]
 [206  31]]
[[212  25]
 [209  28]]
[[212  25]
 [209  28]]
[[209  28]
 [208  29]]
[[213  24]
 [210  27]]
[[213  24]
 [210  27]]
[[209  28]
 [209  28]]
[[213  24]
 [211  26]]
[[209  28]
 [210  27]]
[[218  19]
 [215  22]]
[[211  26]
 [213  24]]
[[215  22]
 [215  22]]
[[212  25]
 [215  22]]
[[214  23]
 [219  18]]
[[205  32]
 [216  21]]
[[217  20]
 [221  16]]
