[[ 48  47]
 [ 17 502]]
[[ 47  48]
 [ 17 502]]
[[ 47  48]
 [ 18 501]]
[[ 47  48]
 [ 18 501]]
[[ 47  48]
 [ 19 500]]
[[ 48  47]
 [ 20 499]]
[[ 47  48]
 [ 19 500]]
[[ 48  47]
 [ 20 499]]
[[ 49  46]
 [ 24 495]]
[[ 47  48]
 [ 23 496]]
[[ 41  54]
 [ 20 499]]
[[ 41  54]
 [ 25 494]]
[[ 47  48]
 [ 34 485]]
[[ 47  48]
 [ 35 484]]
[[ 44  51]
 [ 33 486]]
[[ 42  53]
 [ 33 486]]
[[ 47  48]
 [ 38 481]]
[[ 21  74]
 [ 24 495]]
[[ 14  81]
 [ 18 501]]
[[ 19  76]
 [ 23 496]]
[[ 13  82]
 [ 18 501]]
[[ 17  78]
 [ 23 496]]
[[ 23  72]
 [ 30 489]]
[[ 13  82]
 [ 21 498]]
[[ 12  83]
 [ 26 493]]
