0.7390606182256123
0.7435575109993715
0.7435575109993715
0.7435575109993715
0.7479584635547938
0.7479584635547938
0.7479584635547938
0.7479584635547938
0.7479584635547938
0.7479584635547938
0.7479584635547938
0.7479584635547938
0.7479584635547938
0.7479584635547938
0.7479584635547938
0.7479584635547938
0.7479584635547938
0.7479584635547938
0.7479584635547938
0.7479584635547938
0.7479584635547938
0.7479584635547938
0.7479584635547938
0.7479584635547938
0.7479584635547938
0.7479584635547938
0.7479584635547938
0.7479584635547938
0.7479584635547938
0.7479584635547938
0.7479584635547938
0.7479584635547938
0.7479584635547938
0.7479584635547938
0.7479584635547938
