[[323 177]
 [107 393]]
[[323 177]
 [107 393]]
[[349 151]
 [136 364]]
[[349 151]
 [136 364]]
[[349 151]
 [136 364]]
[[349 151]
 [136 364]]
[[349 151]
 [136 364]]
[[349 151]
 [136 364]]
[[349 151]
 [136 364]]
[[349 151]
 [136 364]]
[[349 151]
 [136 364]]
[[361 139]
 [151 349]]
[[361 139]
 [151 349]]
[[361 139]
 [151 349]]
[[337 163]
 [128 372]]
[[331 169]
 [128 372]]
[[331 169]
 [128 372]]
[[334 166]
 [133 367]]
[[386 114]
 [185 315]]
[[363 137]
 [164 336]]
[[363 137]
 [164 336]]
[[400 100]
 [252 248]]
[[402  98]
 [256 244]]
[[402  98]
 [256 244]]
[[442  58]
 [325 175]]
