[[211  26]
 [204  33]]
[[217  20]
 [207  30]]
[[211  26]
 [205  32]]
[[222  15]
 [210  27]]
[[216  21]
 [208  29]]
[[214  23]
 [208  29]]
[[211  26]
 [207  30]]
[[211  26]
 [208  29]]
[[216  21]
 [211  26]]
[[210  27]
 [209  28]]
[[218  19]
 [212  25]]
[[210  27]
 [210  27]]
[[217  20]
 [214  23]]
[[216  21]
 [214  23]]
[[205  32]
 [210  27]]
[[205  32]
 [211  26]]
[[218  19]
 [217  20]]
[[212  25]
 [215  22]]
[[208  29]
 [214  23]]
[[210  27]
 [217  20]]
[[214  23]
 [220  17]]
[[207  30]
 [218  19]]
[[213  24]
 [220  17]]
[[212  25]
 [221  16]]
[[199  38]
 [217  20]]
