[[ 15  25]
 [ 13 147]]
[[ 15  25]
 [ 13 147]]
[[ 15  25]
 [ 13 147]]
[[ 15  25]
 [ 13 147]]
[[ 16  24]
 [ 16 144]]
[[ 16  24]
 [ 16 144]]
[[ 16  24]
 [ 16 144]]
[[ 16  24]
 [ 16 144]]
[[ 12  28]
 [  7 153]]
[[ 17  23]
 [ 21 139]]
[[ 17  23]
 [ 21 139]]
[[ 15  25]
 [ 17 143]]
[[ 13  27]
 [ 13 147]]
[[ 13  27]
 [ 14 146]]
[[ 13  27]
 [ 14 146]]
[[ 13  27]
 [ 18 142]]
[[ 13  27]
 [ 18 142]]
[[ 12  28]
 [ 16 144]]
[[ 13  27]
 [ 20 140]]
[[ 10  30]
 [ 14 146]]
[[ 10  30]
 [ 14 146]]
[[ 10  30]
 [ 14 146]]
[[ 11  29]
 [ 18 142]]
[[  6  34]
 [  2 158]]
[[  5  35]
 [  3 157]]
