[[200 100]
 [ 89 211]]
[[185 115]
 [ 75 225]]
[[173 127]
 [ 64 236]]
[[173 127]
 [ 64 236]]
[[166 134]
 [ 58 242]]
[[173 127]
 [ 68 232]]
[[173 127]
 [ 68 232]]
[[158 142]
 [ 51 249]]
[[198 102]
 [ 97 203]]
[[157 143]
 [ 52 248]]
[[149 151]
 [ 45 255]]
[[161 139]
 [ 61 239]]
[[165 135]
 [ 66 234]]
[[145 155]
 [ 46 254]]
[[138 162]
 [ 41 259]]
[[137 163]
 [ 44 256]]
[[136 164]
 [ 43 257]]
[[180 120]
 [ 96 204]]
[[131 169]
 [ 38 262]]
[[131 169]
 [ 43 257]]
[[136 164]
 [ 50 250]]
[[140 160]
 [ 57 243]]
[[160 140]
 [ 88 212]]
[[226  74]
 [154 146]]
[[ 96 204]
 [ 23 277]]
