[[111  39]
 [ 41 109]]
[[111  39]
 [ 41 109]]
[[110  40]
 [ 41 109]]
[[106  44]
 [ 38 112]]
[[108  42]
 [ 41 109]]
[[105  45]
 [ 38 112]]
[[107  43]
 [ 41 109]]
[[103  47]
 [ 37 113]]
[[103  47]
 [ 37 113]]
[[109  41]
 [ 47 103]]
[[109  41]
 [ 47 103]]
[[105  45]
 [ 44 106]]
[[ 99  51]
 [ 43 107]]
[[ 99  51]
 [ 43 107]]
[[ 89  61]
 [ 36 114]]
[[117  33]
 [ 64  86]]
[[117  33]
 [ 64  86]]
[[117  33]
 [ 64  86]]
[[107  43]
 [ 57  93]]
[[ 93  57]
 [ 44 106]]
[[117  33]
 [ 72  78]]
[[117  33]
 [ 72  78]]
[[116  34]
 [ 75  75]]
[[112  38]
 [ 75  75]]
[[119  31]
 [ 82  68]]
