[[164 136]
 [ 53 247]]
[[166 134]
 [ 61 239]]
[[166 134]
 [ 61 239]]
[[154 146]
 [ 49 251]]
[[152 148]
 [ 48 252]]
[[157 143]
 [ 57 243]]
[[155 145]
 [ 55 245]]
[[141 159]
 [ 40 260]]
[[134 166]
 [ 36 264]]
[[132 168]
 [ 35 265]]
[[120 180]
 [ 23 277]]
[[123 177]
 [ 40 260]]
[[128 172]
 [ 50 250]]
[[110 190]
 [ 32 268]]
[[ 95 205]
 [ 27 273]]
[[ 79 221]
 [  9 291]]
[[ 76 224]
 [ 14 286]]
[[ 76 224]
 [ 14 286]]
[[ 66 234]
 [ 14 286]]
[[ 63 237]
 [ 10 290]]
[[ 61 239]
 [ 12 288]]
[[ 53 247]
 [  6 294]]
[[ 48 252]
 [  8 292]]
[[ 44 256]
 [  7 293]]
[[ 40 260]
 [  9 291]]
