[[323 177]
 [107 393]]
[[323 177]
 [107 393]]
[[323 177]
 [107 393]]
[[323 177]
 [107 393]]
[[323 177]
 [107 393]]
[[323 177]
 [107 393]]
[[323 177]
 [107 393]]
[[323 177]
 [107 393]]
[[323 177]
 [107 393]]
[[323 177]
 [107 393]]
[[323 177]
 [107 393]]
[[323 177]
 [107 393]]
[[323 177]
 [107 393]]
[[323 177]
 [107 393]]
[[323 177]
 [107 393]]
[[377 123]
 [168 332]]
[[377 123]
 [168 332]]
[[361 139]
 [157 343]]
[[317 183]
 [122 378]]
[[317 183]
 [122 378]]
[[287 213]
 [109 391]]
[[287 213]
 [109 391]]
[[287 213]
 [109 391]]
[[399 101]
 [223 277]]
[[399 101]
 [223 277]]
