[[156 144]
 [ 51 249]]
[[151 149]
 [ 45 255]]
[[158 142]
 [ 55 245]]
[[158 142]
 [ 55 245]]
[[175 125]
 [ 78 222]]
[[146 154]
 [ 44 256]]
[[157 143]
 [ 59 241]]
[[138 162]
 [ 39 261]]
[[138 162]
 [ 41 259]]
[[137 163]
 [ 41 259]]
[[145 155]
 [ 56 244]]
[[139 161]
 [ 50 250]]
[[128 172]
 [ 36 264]]
[[129 171]
 [ 40 260]]
[[129 171]
 [ 42 258]]
[[129 171]
 [ 43 257]]
[[124 176]
 [ 36 264]]
[[124 176]
 [ 37 263]]
[[132 168]
 [ 49 251]]
[[122 178]
 [ 36 264]]
[[120 180]
 [ 35 265]]
[[106 194]
 [ 34 266]]
[[ 98 202]
 [ 29 271]]
[[ 89 211]
 [ 23 277]]
[[ 78 222]
 [ 26 274]]
