[[108   1]
 [ 28 570]]
[[ 96  13]
 [ 19 579]]
[[103   6]
 [ 26 572]]
[[107   2]
 [ 31 567]]
[[ 94  15]
 [ 19 579]]
[[ 99  10]
 [ 25 573]]
[[ 88  21]
 [ 20 578]]
[[ 93  16]
 [ 25 573]]
[[ 86  23]
 [ 23 575]]
[[ 76  33]
 [ 21 577]]
[[ 82  27]
 [ 33 565]]
[[ 97  12]
 [ 53 545]]
[[ 63  46]
 [ 25 573]]
[[ 69  40]
 [ 32 566]]
[[ 47  62]
 [ 11 587]]
[[ 33  76]
 [ 10 588]]
[[ 30  79]
 [ 31 567]]
[[  9 100]
 [ 13 585]]
[[ 57  52]
 [ 67 531]]
[[ 58  51]
 [ 76 522]]
[[103   6]
 [266 332]]
[[105   4]
 [294 304]]
[[100   9]
 [290 308]]
[[106   3]
 [302 296]]
[[107   2]
 [325 273]]
