0.7186212440960708
0.7186212440960708
0.7186212440960708
0.7272727272727273
0.7344622861294121
0.7344622861294121
0.7344622861294121
0.7344622861294121
0.7344622861294121
0.7344622861294121
0.7344622861294121
0.7397657892102892
0.7397657892102892
0.7397657892102892
0.7397657892102892
0.7397657892102892
0.7397657892102892
0.7397657892102892
0.7397657892102892
0.7397657892102892
0.7397657892102892
0.7399739973997399
0.7399739973997399
0.7399739973997399
0.7399739973997399
0.7399739973997399
0.7399739973997399
0.7399739973997399
0.7399739973997399
0.7399739973997399
0.7399739973997399
0.7399739973997399
