0.7033312382149592
0.7033312382149592
0.7033312382149592
0.7033312382149592
0.7033312382149592
0.7033312382149592
0.7033312382149592
0.7033312382149592
0.7033312382149592
0.7033312382149592
0.7229986653572058
0.7229986653572058
0.7229986653572058
0.7229986653572058
0.7229986653572058
0.7229986653572058
0.7229986653572058
0.7229986653572058
0.7229986653572058
0.7229986653572058
0.7229986653572058
0.7229986653572058
0.7282608695652174
0.7282608695652174
0.7282608695652174
0.7282608695652174
0.7282608695652174
0.7282608695652174
0.7282608695652174
0.7282608695652174
0.7282608695652174
0.7282608695652174
0.7282608695652174
0.7282608695652174
0.7282608695652174
0.7282608695652174
0.7282608695652174
0.7282608695652174
0.7282608695652174
0.7282608695652174
0.7282608695652174
0.7282608695652174
0.7282608695652174
0.7282608695652174
0.7282608695652174
0.7282608695652174
0.7282608695652174
0.7282608695652174
0.7282608695652174
0.7282608695652174
0.7282608695652174
0.7282608695652174
0.7282608695652174
