[[ 57  38]
 [ 22 497]]
[[ 57  38]
 [ 22 497]]
[[ 57  38]
 [ 22 497]]
[[ 59  36]
 [ 25 494]]
[[ 59  36]
 [ 25 494]]
[[ 59  36]
 [ 26 493]]
[[ 61  34]
 [ 28 491]]
[[ 63  32]
 [ 30 489]]
[[ 55  40]
 [ 25 494]]
[[ 63  32]
 [ 34 485]]
[[ 52  43]
 [ 25 494]]
[[ 56  39]
 [ 30 489]]
[[ 56  39]
 [ 30 489]]
[[ 56  39]
 [ 30 489]]
[[ 46  49]
 [ 23 496]]
[[ 38  57]
 [ 16 503]]
[[ 38  57]
 [ 20 499]]
[[ 41  54]
 [ 24 495]]
[[ 61  34]
 [ 48 471]]
[[ 61  34]
 [ 48 471]]
[[ 61  34]
 [ 49 470]]
[[ 60  35]
 [ 52 467]]
[[ 61  34]
 [ 53 466]]
[[ 60  35]
 [ 54 465]]
[[ 15  80]
 [ 13 506]]
