0.7033312382149592
0.7033312382149592
0.7033312382149592
0.7070707070707071
0.7070707070707071
0.7070707070707071
0.7070707070707071
0.7070707070707071
0.7070707070707071
0.7076318177235609
0.7076318177235609
0.7076318177235609
0.7076318177235609
0.7081320450885669
0.7081320450885669
0.7081320450885669
0.7181964573268921
0.7181964573268921
0.7181964573268921
0.7181964573268921
0.7181964573268921
0.7181964573268921
0.7181964573268921
0.7181964573268921
0.7181964573268921
0.7181964573268921
0.7181964573268921
0.7181964573268921
0.7181964573268921
0.7181964573268921
0.7181964573268921
0.7181964573268921
0.7181964573268921
0.7181964573268921
0.7181964573268921
0.7181964573268921
0.7181964573268921
0.7181964573268921
0.7181964573268921
0.7181964573268921
0.7181964573268921
0.7181964573268921
0.7181964573268921
0.7181964573268921
0.7181964573268921
0.7181964573268921
0.7181964573268921
