[[ 48  47]
 [ 17 502]]
[[ 47  48]
 [ 18 501]]
[[ 48  47]
 [ 20 499]]
[[ 47  48]
 [ 19 500]]
[[ 48  47]
 [ 20 499]]
[[ 44  51]
 [ 18 501]]
[[ 28  67]
 [ 19 500]]
[[ 20  75]
 [ 17 502]]
[[ 16  79]
 [ 17 502]]
[[ 13  82]
 [ 19 500]]
[[ 13  82]
 [ 19 500]]
[[ 14  81]
 [ 22 497]]
[[ 16  79]
 [ 27 492]]
[[ 12  83]
 [ 28 491]]
[[ 22  73]
 [ 40 479]]
[[ 58  37]
 [110 409]]
[[ 59  36]
 [131 388]]
[[ 68  27]
 [205 314]]
[[ 70  25]
 [207 312]]
[[ 69  26]
 [215 304]]
[[ 72  23]
 [230 289]]
[[ 72  23]
 [230 289]]
[[ 75  20]
 [234 285]]
[[ 74  21]
 [250 269]]
[[ 84  11]
 [330 189]]
