[[41 59]
 [ 4 96]]
[[39 61]
 [ 7 93]]
[[37 63]
 [ 7 93]]
[[37 63]
 [ 7 93]]
[[35 65]
 [ 4 96]]
[[36 64]
 [ 7 93]]
[[36 64]
 [ 7 93]]
[[37 63]
 [ 9 91]]
[[37 63]
 [ 9 91]]
[[34 66]
 [ 5 95]]
[[34 66]
 [ 6 94]]
[[34 66]
 [ 7 93]]
[[32 68]
 [ 5 95]]
[[  3  97]
 [  0 100]]
[[  2  98]
 [  0 100]]
[[  0 100]
 [  0 100]]
[[  0 100]
 [  0 100]]
[[  0 100]
 [  0 100]]
[[  0 100]
 [  0 100]]
[[  0 100]
 [  0 100]]
[[  0 100]
 [  0 100]]
[[  0 100]
 [  0 100]]
[[  0 100]
 [  0 100]]
[[  0 100]
 [  0 100]]
[[  0 100]
 [  0 100]]
