[[ 50  45]
 [ 12 507]]
[[ 36  59]
 [  3 516]]
[[ 37  58]
 [  7 512]]
[[ 40  55]
 [ 10 509]]
[[ 33  62]
 [  4 515]]
[[ 35  60]
 [  6 513]]
[[ 32  63]
 [  5 514]]
[[ 29  66]
 [  3 516]]
[[ 41  54]
 [ 17 502]]
[[ 49  46]
 [ 25 494]]
[[ 43  52]
 [ 20 499]]
[[ 32  63]
 [ 10 509]]
[[ 42  53]
 [ 22 497]]
[[ 23  72]
 [  6 513]]
[[ 30  65]
 [ 14 505]]
[[ 39  56]
 [ 32 487]]
[[ 10  85]
 [  5 514]]
[[ 18  77]
 [ 15 504]]
[[ 12  83]
 [  9 510]]
[[ 12  83]
 [  9 510]]
[[  3  92]
 [  2 517]]
[[  2  93]
 [  4 515]]
[[  4  91]
 [ 10 509]]
[[  3  92]
 [ 11 508]]
[[  1  94]
 [ 12 507]]
