[[323 177]
 [107 393]]
[[323 177]
 [107 393]]
[[323 177]
 [107 393]]
[[323 177]
 [107 393]]
[[323 177]
 [107 393]]
[[323 177]
 [107 393]]
[[323 177]
 [107 393]]
[[356 144]
 [142 358]]
[[356 144]
 [142 358]]
[[356 144]
 [142 358]]
[[346 154]
 [133 367]]
[[346 154]
 [133 367]]
[[369 131]
 [157 343]]
[[369 131]
 [157 343]]
[[332 168]
 [125 375]]
[[332 168]
 [125 375]]
[[308 192]
 [106 394]]
[[323 177]
 [124 376]]
[[315 185]
 [116 384]]
[[283 217]
 [ 93 407]]
[[305 195]
 [121 379]]
[[305 195]
 [121 379]]
[[259 241]
 [ 85 415]]
[[259 241]
 [ 85 415]]
[[259 241]
 [ 85 415]]
