[[111  39]
 [ 41 109]]
[[111  39]
 [ 41 109]]
[[111  39]
 [ 41 109]]
[[110  40]
 [ 41 109]]
[[109  41]
 [ 41 109]]
[[105  45]
 [ 40 110]]
[[104  46]
 [ 40 110]]
[[104  46]
 [ 40 110]]
[[108  42]
 [ 45 105]]
[[109  41]
 [ 46 104]]
[[109  41]
 [ 46 104]]
[[108  42]
 [ 47 103]]
[[112  38]
 [ 51  99]]
[[ 99  51]
 [ 39 111]]
[[ 97  53]
 [ 39 111]]
[[105  45]
 [ 48 102]]
[[ 89  61]
 [ 32 118]]
[[106  44]
 [ 51  99]]
[[ 87  63]
 [ 31 119]]
[[112  38]
 [ 57  93]]
[[112  38]
 [ 57  93]]
[[102  48]
 [ 51  99]]
[[113  37]
 [ 65  85]]
[[121  29]
 [ 73  77]]
[[119  31]
 [ 78  72]]
