[[111  39]
 [ 41 109]]
[[111  39]
 [ 41 109]]
[[111  39]
 [ 41 109]]
[[110  40]
 [ 41 109]]
[[109  41]
 [ 41 109]]
[[109  41]
 [ 41 109]]
[[107  43]
 [ 41 109]]
[[109  41]
 [ 44 106]]
[[104  46]
 [ 43 107]]
[[108  42]
 [ 48 102]]
[[ 99  51]
 [ 39 111]]
[[ 90  60]
 [ 31 119]]
[[ 95  55]
 [ 37 113]]
[[ 94  56]
 [ 36 114]]
[[ 94  56]
 [ 36 114]]
[[104  46]
 [ 47 103]]
[[105  45]
 [ 48 102]]
[[ 91  59]
 [ 34 116]]
[[ 99  51]
 [ 43 107]]
[[ 99  51]
 [ 44 106]]
[[ 96  54]
 [ 41 109]]
[[ 92  58]
 [ 38 112]]
[[ 98  52]
 [ 45 105]]
[[ 96  54]
 [ 43 107]]
[[ 98  52]
 [ 50 100]]
