[[ 48  47]
 [ 12 507]]
[[ 48  47]
 [ 12 507]]
[[ 49  46]
 [ 14 505]]
[[ 48  47]
 [ 14 505]]
[[ 50  45]
 [ 17 502]]
[[ 48  47]
 [ 18 501]]
[[ 44  51]
 [ 15 504]]
[[ 46  49]
 [ 19 500]]
[[ 46  49]
 [ 19 500]]
[[ 47  48]
 [ 21 498]]
[[ 47  48]
 [ 23 496]]
[[ 47  48]
 [ 23 496]]
[[ 45  50]
 [ 21 498]]
[[ 48  47]
 [ 26 493]]
[[ 24  71]
 [ 19 500]]
[[ 20  75]
 [ 15 504]]
[[ 26  69]
 [ 27 492]]
[[ 25  70]
 [ 26 493]]
[[ 18  77]
 [ 21 498]]
[[ 16  79]
 [ 21 498]]
[[ 13  82]
 [ 19 500]]
[[ 13  82]
 [ 20 499]]
[[ 16  79]
 [ 24 495]]
[[ 57  38]
 [ 69 450]]
[[ 58  37]
 [ 96 423]]
