[[ 92  58]
 [ 25 125]]
[[ 99  51]
 [ 37 113]]
[[ 99  51]
 [ 39 111]]
[[108  42]
 [ 49 101]]
[[ 95  55]
 [ 36 114]]
[[ 92  58]
 [ 33 117]]
[[ 99  51]
 [ 41 109]]
[[116  34]
 [ 58  92]]
[[104  46]
 [ 47 103]]
[[118  32]
 [ 62  88]]
[[111  39]
 [ 56  94]]
[[ 90  60]
 [ 36 114]]
[[105  45]
 [ 52  98]]
[[ 95  55]
 [ 43 107]]
[[ 89  61]
 [ 37 113]]
[[ 89  61]
 [ 37 113]]
[[116  34]
 [ 64  86]]
[[ 95  55]
 [ 44 106]]
[[ 94  56]
 [ 44 106]]
[[113  37]
 [ 64  86]]
[[ 84  66]
 [ 37 113]]
[[113  37]
 [ 66  84]]
[[113  37]
 [ 66  84]]
[[ 91  59]
 [ 45 105]]
[[ 69  81]
 [ 23 127]]
