[[108   1]
 [123 475]]
[[109   0]
 [260 338]]
[[108   1]
 [280 318]]
[[109   0]
 [296 302]]
[[109   0]
 [313 285]]
[[109   0]
 [320 278]]
[[109   0]
 [323 275]]
[[109   0]
 [329 269]]
[[109   0]
 [330 268]]
[[107   2]
 [357 241]]
[[109   0]
 [369 229]]
[[109   0]
 [417 181]]
[[109   0]
 [417 181]]
[[109   0]
 [421 177]]
[[109   0]
 [421 177]]
[[109   0]
 [450 148]]
[[109   0]
 [452 146]]
[[109   0]
 [462 136]]
[[109   0]
 [463 135]]
[[109   0]
 [473 125]]
[[109   0]
 [486 112]]
[[109   0]
 [486 112]]
[[109   0]
 [486 112]]
[[109   0]
 [493 105]]
[[109   0]
 [508  90]]
