[[ 48  47]
 [ 12 507]]
[[ 48  47]
 [ 12 507]]
[[ 49  46]
 [ 14 505]]
[[ 48  47]
 [ 14 505]]
[[ 50  45]
 [ 17 502]]
[[ 28  67]
 [ 14 505]]
[[ 25  70]
 [ 21 498]]
[[ 21  74]
 [ 20 499]]
[[ 12  83]
 [ 14 505]]
[[ 12  83]
 [ 16 503]]
[[ 13  82]
 [ 19 500]]
[[ 27  68]
 [ 35 484]]
[[ 17  78]
 [ 25 494]]
[[ 13  82]
 [ 21 498]]
[[ 12  83]
 [ 20 499]]
[[ 11  84]
 [ 19 500]]
[[ 23  72]
 [ 33 486]]
[[ 16  79]
 [ 26 493]]
[[ 12  83]
 [ 23 496]]
[[ 17  78]
 [ 28 491]]
[[ 12  83]
 [ 23 496]]
[[ 11  84]
 [ 23 496]]
[[ 18  77]
 [ 30 489]]
[[ 72  23]
 [170 349]]
[[ 80  15]
 [264 255]]
