[[ 57  38]
 [ 42 477]]
[[ 75  20]
 [ 80 439]]
[[ 74  21]
 [ 89 430]]
[[ 78  17]
 [ 97 422]]
[[ 79  16]
 [101 418]]
[[ 78  17]
 [103 416]]
[[ 76  19]
 [104 415]]
[[ 72  23]
 [102 417]]
[[ 82  13]
 [114 405]]
[[ 70  25]
 [107 412]]
[[ 74  21]
 [126 393]]
[[ 77  18]
 [131 388]]
[[ 73  22]
 [131 388]]
[[ 77  18]
 [150 369]]
[[ 78  17]
 [160 359]]
[[ 83  12]
 [174 345]]
[[ 78  17]
 [182 337]]
[[ 89   6]
 [196 323]]
[[ 75  20]
 [186 333]]
[[ 87   8]
 [200 319]]
[[ 88   7]
 [205 314]]
[[ 79  16]
 [198 321]]
[[ 85  10]
 [206 313]]
[[ 92   3]
 [344 175]]
[[ 94   1]
 [365 154]]
