[[148  52]
 [ 48 152]]
[[136  64]
 [ 36 164]]
[[136  64]
 [ 36 164]]
[[136  64]
 [ 36 164]]
[[136  64]
 [ 36 164]]
[[136  64]
 [ 37 163]]
[[141  59]
 [ 47 153]]
[[141  59]
 [ 47 153]]
[[140  60]
 [ 46 154]]
[[135  65]
 [ 41 159]]
[[130  70]
 [ 36 164]]
[[130  70]
 [ 36 164]]
[[128  72]
 [ 40 160]]
[[125  75]
 [ 37 163]]
[[123  77]
 [ 35 165]]
[[123  77]
 [ 35 165]]
[[125  75]
 [ 40 160]]
[[127  73]
 [ 43 157]]
[[106  94]
 [ 24 176]]
[[113  87]
 [ 34 166]]
[[ 95 105]
 [ 20 180]]
[[101  99]
 [ 33 167]]
[[ 99 101]
 [ 33 167]]
[[ 70 130]
 [ 14 186]]
[[ 68 132]
 [ 16 184]]
