[[105   4]
 [ 17 581]]
[[105   4]
 [ 17 581]]
[[105   4]
 [ 17 581]]
[[105   4]
 [ 17 581]]
[[105   4]
 [ 17 581]]
[[102   7]
 [ 15 583]]
[[ 95  14]
 [  8 590]]
[[103   6]
 [ 17 581]]
[[105   4]
 [ 20 578]]
[[103   6]
 [ 21 577]]
[[103   6]
 [ 21 577]]
[[ 98  11]
 [ 17 581]]
[[ 99  10]
 [ 19 579]]
[[ 94  15]
 [ 15 583]]
[[ 96  13]
 [ 17 581]]
[[ 93  16]
 [ 15 583]]
[[101   8]
 [ 24 574]]
[[ 93  16]
 [ 18 580]]
[[ 93  16]
 [ 18 580]]
[[ 99  10]
 [ 26 572]]
[[106   3]
 [ 36 562]]
[[103   6]
 [ 37 561]]
[[103   6]
 [ 37 561]]
[[ 95  14]
 [ 39 559]]
[[ 66  43]
 [ 23 575]]
