[[109   0]
 [ 37 561]]
[[109   0]
 [ 37 561]]
[[109   0]
 [ 38 560]]
[[109   0]
 [ 41 557]]
[[109   0]
 [ 41 557]]
[[109   0]
 [ 43 555]]
[[109   0]
 [ 50 548]]
[[109   0]
 [ 51 547]]
[[109   0]
 [ 52 546]]
[[109   0]
 [ 52 546]]
[[109   0]
 [ 53 545]]
[[109   0]
 [ 53 545]]
[[109   0]
 [ 56 542]]
[[109   0]
 [ 57 541]]
[[109   0]
 [ 58 540]]
[[109   0]
 [ 60 538]]
[[109   0]
 [ 68 530]]
[[109   0]
 [ 71 527]]
[[109   0]
 [ 79 519]]
[[109   0]
 [ 79 519]]
[[109   0]
 [ 81 517]]
[[109   0]
 [ 83 515]]
[[109   0]
 [ 87 511]]
[[109   0]
 [ 90 508]]
[[109   0]
 [142 456]]
