0.8501628664495114
0.8615635179153095
0.8811074918566775
0.8811074918566775
0.8827361563517915
0.8859934853420195
0.8859934853420195
0.8892508143322475
0.8892508143322475
0.8908794788273615
0.8957654723127035
0.8957654723127035
0.8957654723127035
0.8957654723127035
0.8957654723127035
0.8957654723127035
0.8957654723127035
0.8957654723127035
0.8990228013029316
0.8990228013029316
0.8990228013029316
0.8990228013029316
0.8990228013029316
0.8990228013029316
0.8990228013029316
0.8990228013029316
0.9039087947882736
0.9039087947882736
0.9039087947882736
0.9039087947882736
0.9039087947882736
0.9039087947882736
0.9039087947882736
0.9039087947882736
0.9039087947882736
0.9039087947882736
0.9039087947882736
