[[119  31]
 [ 55  95]]
[[105  45]
 [ 44 106]]
[[ 97  53]
 [ 37 113]]
[[105  45]
 [ 46 104]]
[[107  43]
 [ 48 102]]
[[128  22]
 [ 68  82]]
[[113  37]
 [ 55  95]]
[[125  25]
 [ 66  84]]
[[105  45]
 [ 49 101]]
[[108  42]
 [ 52  98]]
[[127  23]
 [ 69  81]]
[[113  37]
 [ 57  93]]
[[ 90  60]
 [ 34 116]]
[[101  49]
 [ 46 104]]
[[122  28]
 [ 66  84]]
[[122  28]
 [ 66  84]]
[[114  36]
 [ 59  91]]
[[125  25]
 [ 69  81]]
[[125  25]
 [ 69  81]]
[[109  41]
 [ 55  95]]
[[128  22]
 [ 73  77]]
[[105  45]
 [ 53  97]]
[[114  36]
 [ 62  88]]
[[121  29]
 [ 69  81]]
[[109  41]
 [ 61  89]]
