[[ 35  24  36]
 [  3 360 156]
 [ 16 180 227]]
[[ 34  33  28]
 [  5 442  72]
 [ 19 260 144]]
[[ 33  31  31]
 [  6 434  79]
 [ 18 252 153]]
[[ 37  30  28]
 [  9 425  85]
 [ 24 242 157]]
[[ 16  29  50]
 [  9 404 106]
 [ 12 213 198]]
[[ 37  31  27]
 [  9 420  90]
 [ 20 244 159]]
[[ 32  31  32]
 [  5 426  88]
 [ 16 255 152]]
[[ 25  33  37]
 [  4 423  92]
 [ 16 247 160]]
[[ 36  31  28]
 [  8 420  91]
 [ 18 255 150]]
[[ 36  31  28]
 [  8 420  91]
 [ 18 255 150]]
[[ 26  30  39]
 [  7 416  96]
 [ 18 245 160]]
[[ 39  47   9]
 [ 17 474  28]
 [ 39 330  54]]
[[ 44  45   6]
 [ 14 484  21]
 [ 60 324  39]]
[[ 42  46   7]
 [ 20 477  22]
 [ 47 331  45]]
[[ 43  40  12]
 [ 16 464  39]
 [ 61 315  47]]
[[ 47  42   6]
 [ 23 470  26]
 [ 71 323  29]]
[[ 41  51   3]
 [ 14 487  18]
 [ 35 371  17]]
[[ 47  43   5]
 [ 37 466  16]
 [ 99 309  15]]
[[ 48  42   5]
 [ 35 469  15]
 [105 308  10]]
[[ 45  45   5]
 [ 30 469  20]
 [ 87 325  11]]
[[ 52  39   4]
 [ 48 454  17]
 [110 296  17]]
[[ 49  42   4]
 [ 44 460  15]
 [109 306   8]]
[[ 55  38   2]
 [ 53 451  15]
 [111 302  10]]
[[ 50  42   3]
 [ 44 458  17]
 [107 309   7]]
[[ 55  37   3]
 [ 63 439  17]
 [117 295  11]]
