[[205  32]
 [190  47]]
[[199  38]
 [188  49]]
[[226  11]
 [201  36]]
[[218  19]
 [198  39]]
[[213  24]
 [196  41]]
[[212  25]
 [196  41]]
[[215  22]
 [200  37]]
[[214  23]
 [200  37]]
[[209  28]
 [198  39]]
[[206  31]
 [198  39]]
[[208  29]
 [202  35]]
[[200  37]
 [199  38]]
[[211  26]
 [204  33]]
[[209  28]
 [204  33]]
[[196  41]
 [199  38]]
[[210  27]
 [205  32]]
[[207  30]
 [204  33]]
[[204  33]
 [204  33]]
[[205  32]
 [205  32]]
[[205  32]
 [206  31]]
[[210  27]
 [208  29]]
[[213  24]
 [210  27]]
[[202  35]
 [206  31]]
[[202  35]
 [213  24]]
[[198  39]
 [213  24]]
