[[131  19]
 [ 39 111]]
[[131  19]
 [ 40 110]]
[[125  25]
 [ 38 112]]
[[133  17]
 [ 46 104]]
[[115  35]
 [ 29 121]]
[[122  28]
 [ 36 114]]
[[120  30]
 [ 35 115]]
[[125  25]
 [ 40 110]]
[[126  24]
 [ 41 109]]
[[128  22]
 [ 44 106]]
[[113  37]
 [ 33 117]]
[[126  24]
 [ 47 103]]
[[112  38]
 [ 35 115]]
[[118  32]
 [ 46 104]]
[[118  32]
 [ 48 102]]
[[138  12]
 [ 69  81]]
[[133  17]
 [ 65  85]]
[[110  40]
 [ 48 102]]
[[131  19]
 [ 68  82]]
[[122  28]
 [ 61  89]]
[[136  14]
 [ 73  77]]
[[102  48]
 [ 44 106]]
[[131  19]
 [ 72  78]]
[[104  46]
 [ 48 102]]
[[137  13]
 [ 79  71]]
