[[104  46]
 [ 42 108]]
[[104  46]
 [ 42 108]]
[[108  42]
 [ 48 102]]
[[ 91  59]
 [ 32 118]]
[[116  34]
 [ 58  92]]
[[ 97  53]
 [ 40 110]]
[[128  22]
 [ 69  81]]
[[118  32]
 [ 61  89]]
[[118  32]
 [ 61  89]]
[[100  50]
 [ 44 106]]
[[ 96  54]
 [ 40 110]]
[[108  42]
 [ 53  97]]
[[122  28]
 [ 66  84]]
[[ 89  61]
 [ 34 116]]
[[ 88  62]
 [ 33 117]]
[[118  32]
 [ 63  87]]
[[125  25]
 [ 69  81]]
[[116  34]
 [ 62  88]]
[[110  40]
 [ 57  93]]
[[122  28]
 [ 68  82]]
[[126  24]
 [ 73  77]]
[[124  26]
 [ 73  77]]
[[ 68  82]
 [ 29 121]]
[[ 58  92]
 [ 26 124]]
[[ 58  92]
 [ 26 124]]
