[[29 71]
 [ 5 95]]
[[29 71]
 [ 5 95]]
[[29 71]
 [ 5 95]]
[[29 71]
 [ 5 95]]
[[28 72]
 [ 5 95]]
[[32 68]
 [12 88]]
[[25 75]
 [ 3 97]]
[[25 75]
 [ 5 95]]
[[25 75]
 [ 5 95]]
[[23 77]
 [ 3 97]]
[[23 77]
 [ 3 97]]
[[23 77]
 [ 3 97]]
[[21 79]
 [ 4 96]]
[[21 79]
 [ 4 96]]
[[21 79]
 [ 4 96]]
[[19 81]
 [ 6 94]]
[[  4  96]
 [  0 100]]
[[  4  96]
 [  0 100]]
[[  4  96]
 [  0 100]]
[[ 1 99]
 [ 1 99]]
[[ 1 99]
 [ 1 99]]
[[  0 100]
 [  0 100]]
[[  0 100]
 [  0 100]]
[[  0 100]
 [  0 100]]
[[  0 100]
 [  0 100]]
