[[ 47  48]
 [  5 514]]
[[ 51  44]
 [ 11 508]]
[[ 49  46]
 [  9 510]]
[[ 50  45]
 [ 10 509]]
[[ 41  54]
 [  1 518]]
[[ 50  45]
 [ 11 508]]
[[ 53  42]
 [ 20 499]]
[[ 46  49]
 [ 13 506]]
[[ 54  41]
 [ 22 497]]
[[ 52  43]
 [ 21 498]]
[[ 48  47]
 [ 18 501]]
[[ 52  43]
 [ 23 496]]
[[ 33  62]
 [  4 515]]
[[ 37  58]
 [  9 510]]
[[ 55  40]
 [ 29 490]]
[[ 40  55]
 [ 15 504]]
[[ 42  53]
 [ 18 501]]
[[ 47  48]
 [ 25 494]]
[[ 47  48]
 [ 25 494]]
[[ 50  45]
 [ 31 488]]
[[ 29  66]
 [ 16 503]]
[[  5  90]
 [  0 519]]
[[ 17  78]
 [ 16 503]]
[[ 11  84]
 [ 11 508]]
[[ 10  85]
 [ 11 508]]
