[[ 59  36]
 [ 25 494]]
[[ 59  36]
 [ 25 494]]
[[ 61  34]
 [ 28 491]]
[[ 63  32]
 [ 30 489]]
[[ 58  37]
 [ 25 494]]
[[ 55  40]
 [ 26 493]]
[[ 56  39]
 [ 30 489]]
[[ 57  38]
 [ 32 487]]
[[ 55  40]
 [ 31 488]]
[[ 64  31]
 [ 40 479]]
[[ 52  43]
 [ 29 490]]
[[ 47  48]
 [ 28 491]]
[[ 47  48]
 [ 28 491]]
[[ 48  47]
 [ 31 488]]
[[ 41  54]
 [ 24 495]]
[[ 33  62]
 [ 18 501]]
[[ 47  48]
 [ 32 487]]
[[ 67  28]
 [ 52 467]]
[[ 67  28]
 [ 54 465]]
[[ 54  41]
 [ 41 478]]
[[ 64  31]
 [ 52 467]]
[[ 64  31]
 [ 55 464]]
[[ 16  79]
 [ 15 504]]
[[ 14  81]
 [ 15 504]]
[[ 52  43]
 [ 54 465]]
