[[ 35  24  36]
 [  3 360 156]
 [ 16 180 227]]
[[ 34  33  28]
 [  5 442  72]
 [ 19 260 144]]
[[ 33  31  31]
 [  6 434  79]
 [ 18 252 153]]
[[ 37  30  28]
 [  9 425  85]
 [ 24 242 157]]
[[ 16  29  50]
 [  9 404 106]
 [ 12 213 198]]
[[ 36  33  26]
 [  8 446  65]
 [ 19 268 136]]
[[ 16  29  50]
 [  9 404 106]
 [ 12 213 198]]
[[ 37  30  28]
 [  8 419  92]
 [ 19 246 158]]
[[ 37  30  28]
 [  8 419  92]
 [ 19 246 158]]
[[ 37  30  28]
 [  8 419  92]
 [ 19 246 158]]
[[ 34  31  30]
 [  9 422  88]
 [ 20 246 157]]
[[  8  28  59]
 [  7 415  97]
 [  7 232 184]]
[[ 34  30  31]
 [  8 433  78]
 [ 19 265 139]]
[[ 35  28  32]
 [ 31 398  90]
 [ 36 218 169]]
[[ 36  31  28]
 [ 33 403  83]
 [ 39 234 150]]
[[ 39  31  25]
 [ 40 392  87]
 [ 39 228 156]]
[[ 38  31  26]
 [ 41 399  79]
 [ 47 232 144]]
[[ 39  33  23]
 [ 53 396  70]
 [ 54 245 124]]
[[ 39  33  23]
 [ 40 426  53]
 [ 89 243  91]]
[[ 39  28  28]
 [ 54 376  89]
 [ 59 226 138]]
[[ 40  33  22]
 [ 61 394  64]
 [108 225  90]]
[[ 57  36   2]
 [ 45 457  17]
 [123 294   6]]
[[ 58  35   2]
 [ 52 458   9]
 [136 284   3]]
[[ 52  35   8]
 [ 55 450  14]
 [135 281   7]]
[[ 54  36   5]
 [ 59 442  18]
 [146 267  10]]
