[[108  42]
 [ 41 109]]
[[ 92  58]
 [ 25 125]]
[[102  48]
 [ 36 114]]
[[101  49]
 [ 37 113]]
[[ 99  51]
 [ 35 115]]
[[ 90  60]
 [ 27 123]]
[[103  47]
 [ 42 108]]
[[103  47]
 [ 42 108]]
[[103  47]
 [ 42 108]]
[[ 97  53]
 [ 38 112]]
[[116  34]
 [ 58  92]]
[[111  39]
 [ 56  94]]
[[112  38]
 [ 58  92]]
[[104  46]
 [ 52  98]]
[[104  46]
 [ 52  98]]
[[ 93  57]
 [ 43 107]]
[[115  35]
 [ 66  84]]
[[115  35]
 [ 66  84]]
[[ 96  54]
 [ 49 101]]
[[105  45]
 [ 58  92]]
[[105  45]
 [ 58  92]]
[[ 95  55]
 [ 50 100]]
[[111  39]
 [ 67  83]]
[[ 88  62]
 [ 49 101]]
[[ 71  79]
 [ 32 118]]
