[[100  50]
 [ 32 118]]
[[114  36]
 [ 47 103]]
[[109  41]
 [ 43 107]]
[[111  39]
 [ 45 105]]
[[115  35]
 [ 49 101]]
[[ 92  58]
 [ 28 122]]
[[ 84  66]
 [ 20 130]]
[[111  39]
 [ 49 101]]
[[105  45]
 [ 44 106]]
[[107  43]
 [ 48 102]]
[[ 95  55]
 [ 36 114]]
[[101  49]
 [ 44 106]]
[[ 94  56]
 [ 37 113]]
[[ 88  62]
 [ 31 119]]
[[ 96  54]
 [ 43 107]]
[[ 99  51]
 [ 47 103]]
[[ 71  79]
 [ 19 131]]
[[122  28]
 [ 72  78]]
[[ 88  62]
 [ 40 110]]
[[120  30]
 [ 73  77]]
[[ 85  65]
 [ 42 108]]
[[111  39]
 [ 68  82]]
[[123  27]
 [ 79  71]]
[[122  28]
 [ 80  70]]
[[127  23]
 [ 84  66]]
