[[135 102]
 [108 129]]
[[135 102]
 [108 129]]
[[135 102]
 [108 129]]
[[135 102]
 [108 129]]
[[135 102]
 [108 129]]
[[135 102]
 [108 129]]
[[135 102]
 [108 129]]
[[145  92]
 [119 118]]
[[145  92]
 [119 118]]
[[145  92]
 [119 118]]
[[145  92]
 [119 118]]
[[145  92]
 [119 118]]
[[126 111]
 [103 134]]
[[126 111]
 [103 134]]
[[126 111]
 [103 134]]
[[153  84]
 [133 104]]
[[125 112]
 [110 127]]
[[125 112]
 [110 127]]
[[144  93]
 [132 105]]
[[144  93]
 [132 105]]
[[204  33]
 [188  49]]
[[230   7]
 [217  20]]
[[230   7]
 [217  20]]
[[230   7]
 [217  20]]
[[230   7]
 [217  20]]
