[[108   1]
 [ 28 570]]
[[102   7]
 [ 23 575]]
[[106   3]
 [ 28 570]]
[[ 96  13]
 [ 19 579]]
[[103   6]
 [ 26 572]]
[[107   2]
 [ 31 567]]
[[ 94  15]
 [ 19 579]]
[[ 95  14]
 [ 23 575]]
[[ 87  22]
 [ 20 578]]
[[ 94  15]
 [ 27 571]]
[[ 84  25]
 [ 17 581]]
[[100   9]
 [ 34 564]]
[[108   1]
 [ 46 552]]
[[ 81  28]
 [ 19 579]]
[[ 73  36]
 [ 12 586]]
[[ 77  32]
 [ 18 580]]
[[ 75  34]
 [ 19 579]]
[[ 67  42]
 [ 12 586]]
[[ 62  47]
 [ 12 586]]
[[ 68  41]
 [ 25 573]]
[[ 54  55]
 [ 13 585]]
[[ 51  58]
 [ 12 586]]
[[ 48  61]
 [ 30 568]]
[[ 63  46]
 [ 59 539]]
[[ 61  48]
 [132 466]]
