[[146   4]
 [ 91  59]]
[[142   8]
 [ 95  55]]
[[144   6]
 [104  46]]
[[138  12]
 [101  49]]
[[147   3]
 [107  43]]
[[146   4]
 [107  43]]
[[145   5]
 [108  42]]
[[146   4]
 [109  41]]
[[142   8]
 [107  43]]
[[144   6]
 [110  40]]
[[147   3]
 [112  38]]
[[148   2]
 [117  33]]
[[150   0]
 [120  30]]
[[148   2]
 [122  28]]
[[148   2]
 [122  28]]
[[146   4]
 [122  28]]
[[144   6]
 [122  28]]
[[149   1]
 [127  23]]
[[146   4]
 [128  22]]
[[148   2]
 [129  21]]
[[149   1]
 [130  20]]
[[150   0]
 [131  19]]
[[147   3]
 [130  20]]
[[147   3]
 [131  19]]
[[147   3]
 [139  11]]
