[[ 13  27]
 [ 11 149]]
[[ 12  28]
 [ 14 146]]
[[ 16  24]
 [ 27 133]]
[[  9  31]
 [  6 154]]
[[ 10  30]
 [ 10 150]]
[[ 10  30]
 [ 12 148]]
[[ 12  28]
 [ 20 140]]
[[ 11  29]
 [ 17 143]]
[[ 13  27]
 [ 24 136]]
[[  8  32]
 [  8 152]]
[[ 10  30]
 [ 16 144]]
[[ 12  28]
 [ 23 137]]
[[ 13  27]
 [ 29 131]]
[[ 13  27]
 [ 29 131]]
[[  8  32]
 [ 13 147]]
[[ 12  28]
 [ 28 132]]
[[ 12  28]
 [ 29 131]]
[[  6  34]
 [  7 153]]
[[  9  31]
 [ 20 140]]
[[  5  35]
 [  3 157]]
[[  4  36]
 [  7 153]]
[[  3  37]
 [  4 156]]
[[  3  37]
 [  5 155]]
[[  3  37]
 [  6 154]]
[[  2  38]
 [  3 157]]
