[[ 82  13]
 [  4 515]]
[[ 86   9]
 [  8 511]]
[[ 83  12]
 [  6 513]]
[[ 85  10]
 [  9 510]]
[[ 85  10]
 [  9 510]]
[[ 85  10]
 [  9 510]]
[[ 85  10]
 [  9 510]]
[[ 89   6]
 [ 14 505]]
[[ 83  12]
 [  8 511]]
[[ 86   9]
 [ 11 508]]
[[ 88   7]
 [ 15 504]]
[[ 79  16]
 [  6 513]]
[[ 85  10]
 [ 12 507]]
[[ 87   8]
 [ 14 505]]
[[ 78  17]
 [  6 513]]
[[ 85  10]
 [ 14 505]]
[[ 87   8]
 [ 16 503]]
[[ 84  11]
 [ 13 506]]
[[ 76  19]
 [  5 514]]
[[ 79  16]
 [ 10 509]]
[[ 85  10]
 [ 16 503]]
[[ 87   8]
 [ 19 500]]
[[ 91   4]
 [ 28 491]]
[[ 77  18]
 [ 19 500]]
[[ 61  34]
 [  4 515]]
