[[ 48  47]
 [ 21 498]]
[[ 47  48]
 [ 22 497]]
[[ 46  49]
 [ 23 496]]
[[ 46  49]
 [ 23 496]]
[[ 46  49]
 [ 23 496]]
[[ 46  49]
 [ 23 496]]
[[ 48  47]
 [ 25 494]]
[[ 48  47]
 [ 27 492]]
[[ 46  49]
 [ 29 490]]
[[ 48  47]
 [ 32 487]]
[[ 41  54]
 [ 26 493]]
[[ 46  49]
 [ 31 488]]
[[ 49  46]
 [ 34 485]]
[[ 30  65]
 [ 16 503]]
[[ 47  48]
 [ 36 483]]
[[ 44  51]
 [ 35 484]]
[[ 39  56]
 [ 31 488]]
[[ 16  79]
 [ 16 503]]
[[ 21  74]
 [ 23 496]]
[[ 14  81]
 [ 17 502]]
[[ 31  64]
 [ 35 484]]
[[ 24  71]
 [ 30 489]]
[[ 27  68]
 [ 33 486]]
[[ 13  82]
 [ 22 497]]
[[ 22  73]
 [ 32 487]]
