[[ 13  27]
 [ 11 149]]
[[ 15  25]
 [ 18 142]]
[[ 18  22]
 [ 28 132]]
[[ 18  22]
 [ 28 132]]
[[ 12  28]
 [ 13 147]]
[[ 12  28]
 [ 14 146]]
[[ 14  26]
 [ 20 140]]
[[ 10  30]
 [ 10 150]]
[[ 12  28]
 [ 17 143]]
[[ 12  28]
 [ 17 143]]
[[ 10  30]
 [ 12 148]]
[[ 12  28]
 [ 19 141]]
[[ 10  30]
 [ 13 147]]
[[  9  31]
 [ 10 150]]
[[ 13  27]
 [ 27 133]]
[[  7  33]
 [  8 152]]
[[  6  34]
 [  6 154]]
[[ 11  29]
 [ 26 134]]
[[  7  33]
 [ 11 149]]
[[ 13  27]
 [ 33 127]]
[[ 10  30]
 [ 24 136]]
[[  9  31]
 [ 22 138]]
[[  6  34]
 [ 14 146]]
[[ 11  29]
 [ 37 123]]
[[ 11  29]
 [ 37 123]]
