[[ 82  13]
 [  4 515]]
[[ 85  10]
 [  9 510]]
[[ 82  13]
 [  6 513]]
[[ 83  12]
 [  7 512]]
[[ 84  11]
 [  9 510]]
[[ 84  11]
 [  9 510]]
[[ 81  14]
 [  7 512]]
[[ 83  12]
 [ 10 509]]
[[ 88   7]
 [ 15 504]]
[[ 84  11]
 [ 12 507]]
[[ 80  15]
 [  9 510]]
[[ 84  11]
 [ 14 505]]
[[ 91   4]
 [ 22 497]]
[[ 84  11]
 [ 15 504]]
[[ 74  21]
 [  6 513]]
[[ 81  14]
 [ 14 505]]
[[ 76  19]
 [ 12 507]]
[[ 68  27]
 [  5 514]]
[[ 68  27]
 [  6 513]]
[[ 82  13]
 [ 22 497]]
[[ 67  28]
 [  9 510]]
[[ 82  13]
 [ 30 489]]
[[ 56  39]
 [  4 515]]
[[ 54  41]
 [  5 514]]
[[ 46  49]
 [  2 517]]
