[[323 177]
 [107 393]]
[[323 177]
 [107 393]]
[[323 177]
 [107 393]]
[[323 177]
 [107 393]]
[[323 177]
 [107 393]]
[[323 177]
 [107 393]]
[[323 177]
 [107 393]]
[[323 177]
 [107 393]]
[[323 177]
 [107 393]]
[[323 177]
 [107 393]]
[[323 177]
 [107 393]]
[[377 123]
 [168 332]]
[[377 123]
 [168 332]]
[[321 179]
 [121 379]]
[[337 163]
 [156 344]]
[[337 163]
 [156 344]]
[[337 163]
 [156 344]]
[[268 232]
 [ 83 417]]
[[268 232]
 [ 83 417]]
[[284 216]
 [109 391]]
[[284 216]
 [109 391]]
[[284 216]
 [109 391]]
[[296 204]
 [125 375]]
[[256 244]
 [ 93 407]]
[[259 241]
 [105 395]]
