[[ 59  36]
 [ 25 494]]
[[ 59  36]
 [ 25 494]]
[[ 61  34]
 [ 28 491]]
[[ 63  32]
 [ 30 489]]
[[ 58  37]
 [ 25 494]]
[[ 58  37]
 [ 28 491]]
[[ 56  39]
 [ 27 492]]
[[ 56  39]
 [ 28 491]]
[[ 56  39]
 [ 28 491]]
[[ 55  40]
 [ 28 491]]
[[ 54  41]
 [ 30 489]]
[[ 53  42]
 [ 29 490]]
[[ 56  39]
 [ 33 486]]
[[ 47  48]
 [ 26 493]]
[[ 54  41]
 [ 34 485]]
[[ 41  54]
 [ 21 498]]
[[ 48  47]
 [ 29 490]]
[[ 49  46]
 [ 30 489]]
[[ 50  45]
 [ 32 487]]
[[ 34  61]
 [ 17 502]]
[[ 34  61]
 [ 18 501]]
[[ 59  36]
 [ 46 473]]
[[ 24  71]
 [ 14 505]]
[[ 16  79]
 [ 14 505]]
[[ 18  77]
 [ 16 503]]
