[[135 102]
 [108 129]]
[[135 102]
 [108 129]]
[[135 102]
 [108 129]]
[[135 102]
 [108 129]]
[[135 102]
 [108 129]]
[[135 102]
 [108 129]]
[[135 102]
 [108 129]]
[[135 102]
 [108 129]]
[[145  92]
 [119 118]]
[[158  79]
 [148  89]]
[[158  79]
 [148  89]]
[[213  24]
 [205  32]]
[[217  20]
 [215  22]]
[[217  20]
 [215  22]]
[[217  20]
 [215  22]]
[[220  17]
 [219  18]]
[[229   8]
 [225  12]]
[[229   8]
 [225  12]]
[[229   8]
 [225  12]]
[[229   8]
 [225  12]]
[[228   9]
 [228   9]]
[[232   5]
 [230   7]]
[[232   5]
 [230   7]]
[[232   5]
 [230   7]]
[[233   4]
 [231   6]]
