[[227  73]
 [105 195]]
[[229  71]
 [107 193]]
[[227  73]
 [107 193]]
[[232  68]
 [112 188]]
[[222  78]
 [104 196]]
[[226  74]
 [110 190]]
[[205  95]
 [105 195]]
[[194 106]
 [ 99 201]]
[[202  98]
 [109 191]]
[[140 160]
 [ 43 257]]
[[139 161]
 [ 43 257]]
[[143 157]
 [ 53 247]]
[[237  63]
 [153 147]]
[[274  26]
 [181 119]]
[[238  62]
 [157 143]]
[[265  35]
 [183 117]]
[[233  67]
 [162 138]]
[[253  47]
 [179 121]]
[[269  31]
 [195 105]]
[[269  31]
 [195 105]]
[[269  31]
 [197 103]]
[[274  26]
 [201  99]]
[[282  18]
 [232  68]]
[[282  18]
 [232  68]]
[[281  19]
 [236  64]]
