[[349 151]
 [136 364]]
[[337 163]
 [128 372]]
[[368 132]
 [160 340]]
[[368 132]
 [160 340]]
[[349 151]
 [148 352]]
[[331 169]
 [133 367]]
[[327 173]
 [129 371]]
[[363 137]
 [166 334]]
[[315 185]
 [117 383]]
[[358 142]
 [164 336]]
[[316 184]
 [126 374]]
[[328 172]
 [139 361]]
[[301 199]
 [111 389]]
[[301 199]
 [111 389]]
[[367 133]
 [183 317]]
[[341 159]
 [159 341]]
[[305 195]
 [125 375]]
[[368 132]
 [189 311]]
[[304 196]
 [125 375]]
[[311 189]
 [137 363]]
[[304 196]
 [132 368]]
[[294 206]
 [121 379]]
[[375 125]
 [206 294]]
[[303 197]
 [136 364]]
[[288 212]
 [120 380]]
