[[ 50  45]
 [ 17 502]]
[[ 50  45]
 [ 17 502]]
[[ 50  45]
 [ 17 502]]
[[ 50  45]
 [ 17 502]]
[[ 50  45]
 [ 17 502]]
[[ 50  45]
 [ 17 502]]
[[ 49  46]
 [ 20 499]]
[[ 49  46]
 [ 20 499]]
[[ 44  51]
 [ 16 503]]
[[ 44  51]
 [ 16 503]]
[[ 44  51]
 [ 16 503]]
[[ 43  52]
 [ 15 504]]
[[ 46  49]
 [ 21 498]]
[[ 48  47]
 [ 23 496]]
[[ 43  52]
 [ 21 498]]
[[ 41  54]
 [ 20 499]]
[[ 42  53]
 [ 21 498]]
[[ 49  46]
 [ 29 490]]
[[ 45  50]
 [ 33 486]]
[[ 29  66]
 [ 23 496]]
[[ 21  74]
 [ 22 497]]
[[ 14  81]
 [ 16 503]]
[[ 49  46]
 [ 54 465]]
[[ 18  77]
 [ 28 491]]
[[ 20  75]
 [ 32 487]]
