[[205  32]
 [190  47]]
[[226  11]
 [201  36]]
[[213  24]
 [196  41]]
[[212  25]
 [196  41]]
[[216  21]
 [198  39]]
[[207  30]
 [197  40]]
[[212  25]
 [200  37]]
[[213  24]
 [201  36]]
[[212  25]
 [202  35]]
[[207  30]
 [200  37]]
[[216  21]
 [204  33]]
[[204  33]
 [199  38]]
[[202  35]
 [199  38]]
[[211  26]
 [204  33]]
[[208  29]
 [204  33]]
[[199  38]
 [201  36]]
[[213  24]
 [207  30]]
[[206  31]
 [206  31]]
[[213  24]
 [209  28]]
[[202  35]
 [205  32]]
[[208  29]
 [210  27]]
[[201  36]
 [208  29]]
[[211  26]
 [214  23]]
[[205  32]
 [212  25]]
[[196  41]
 [212  25]]
