0.73
0.73
0.73
0.73
0.74
0.748389694041868
0.748389694041868
0.748389694041868
0.748389694041868
0.748389694041868
0.748389694041868
0.748389694041868
0.748389694041868
0.7487689679429204
0.7487689679429204
0.7539604830408475
0.7539604830408475
0.7539604830408475
0.7539604830408475
0.7539604830408475
0.7539604830408475
0.7539604830408475
0.7591328783621036
0.7591328783621036
0.7591328783621036
0.7591328783621036
0.7591328783621036
0.7591328783621036
0.7591328783621036
0.7591328783621036
0.7591328783621036
0.7591328783621036
0.7591328783621036
