[[ 96  54]
 [ 32 118]]
[[107  43]
 [ 47 103]]
[[ 85  65]
 [ 25 125]]
[[ 85  65]
 [ 25 125]]
[[110  40]
 [ 52  98]]
[[ 90  60]
 [ 32 118]]
[[ 90  60]
 [ 32 118]]
[[111  39]
 [ 54  96]]
[[ 81  69]
 [ 23 127]]
[[ 87  63]
 [ 31 119]]
[[111  39]
 [ 56  94]]
[[ 95  55]
 [ 42 108]]
[[ 95  55]
 [ 42 108]]
[[109  41]
 [ 56  94]]
[[ 79  71]
 [ 26 124]]
[[ 78  72]
 [ 26 124]]
[[ 74  76]
 [ 21 129]]
[[ 92  58]
 [ 43 107]]
[[109  41]
 [ 63  87]]
[[ 94  56]
 [ 49 101]]
[[110  40]
 [ 65  85]]
[[107  43]
 [ 63  87]]
[[ 77  73]
 [ 32 118]]
[[104  46]
 [ 61  89]]
[[114  36]
 [ 71  79]]
