[[ 81  14]
 [  9 510]]
[[ 82  13]
 [ 11 508]]
[[ 84  11]
 [ 13 506]]
[[ 74  21]
 [  4 515]]
[[ 73  22]
 [  4 515]]
[[ 76  19]
 [  8 511]]
[[ 80  15]
 [ 12 507]]
[[ 83  12]
 [ 15 504]]
[[ 78  17]
 [ 12 507]]
[[ 80  15]
 [ 15 504]]
[[ 76  19]
 [ 12 507]]
[[ 86   9]
 [ 26 493]]
[[ 61  34]
 [  2 517]]
[[ 68  27]
 [ 10 509]]
[[ 63  32]
 [  5 514]]
[[ 67  28]
 [  9 510]]
[[ 64  31]
 [  7 512]]
[[ 58  37]
 [  2 517]]
[[ 59  36]
 [  3 516]]
[[ 53  42]
 [  2 517]]
[[ 46  49]
 [  4 515]]
[[ 46  49]
 [  4 515]]
[[ 71  24]
 [ 35 484]]
[[  8  87]
 [  0 519]]
[[  8  87]
 [  0 519]]
