[[ 59  36]
 [ 25 494]]
[[ 59  36]
 [ 25 494]]
[[ 58  37]
 [ 25 494]]
[[ 63  32]
 [ 30 489]]
[[ 61  34]
 [ 28 491]]
[[ 59  36]
 [ 26 493]]
[[ 61  34]
 [ 29 490]]
[[ 60  35]
 [ 31 488]]
[[ 56  39]
 [ 27 492]]
[[ 61  34]
 [ 34 485]]
[[ 55  40]
 [ 29 490]]
[[ 45  50]
 [ 20 499]]
[[ 66  29]
 [ 42 477]]
[[ 54  41]
 [ 31 488]]
[[ 60  35]
 [ 37 482]]
[[ 57  38]
 [ 35 484]]
[[ 57  38]
 [ 36 483]]
[[ 36  59]
 [ 16 503]]
[[ 40  55]
 [ 21 498]]
[[ 53  42]
 [ 35 484]]
[[ 38  57]
 [ 23 496]]
[[ 37  58]
 [ 22 497]]
[[ 50  45]
 [ 36 483]]
[[ 65  30]
 [ 56 463]]
[[ 68  27]
 [ 60 459]]
