0.7033312382149592
0.7137907659862921
0.7137907659862921
0.7137907659862921
0.7137907659862921
0.7137907659862921
0.7137907659862921
0.7137907659862921
0.7137907659862921
0.7137907659862921
0.7137907659862921
0.7137907659862921
0.7137907659862921
0.7137907659862921
0.7137907659862921
0.7137907659862921
0.7137907659862921
0.7137907659862921
0.7137907659862921
0.7137907659862921
0.7137907659862921
0.7137907659862921
0.7137907659862921
0.7137907659862921
0.7137907659862921
0.7137907659862921
0.7137907659862921
0.7137907659862921
0.7137907659862921
0.7137907659862921
0.7137907659862921
0.7137907659862921
