0.7685185185185185
0.7521367521367521
0.7433628318584071
0.7426160337552743
0.74235807860262
0.7400881057268722
0.7164179104477612
0.7111111111111111
0.7081339712918661
0.7
0.6907216494845361
0.6906474820143885
0.6889952153110048
0.6884057971014492
0.6875
0.6854460093896714
0.6854460093896714
0.6831683168316832
0.6826923076923077
0.68
0.6792452830188679
0.6766169154228856
0.6737588652482269
0.6732673267326733
0.6701030927835051
0.6699029126213593
0.663594470046083
0.6633165829145728
0.6595744680851063
0.65625
0.648936170212766
0.6331658291457286
0.6276595744680851
0.5529411764705883
0.5084745762711864
