[[ 55  54]
 [ 42 556]]
[[ 58  51]
 [ 51 547]]
[[ 35  74]
 [ 32 566]]
[[ 51  58]
 [ 49 549]]
[[ 53  56]
 [ 53 545]]
[[ 49  60]
 [ 51 547]]
[[ 56  53]
 [ 76 522]]
[[ 83  26]
 [106 492]]
[[ 59  50]
 [ 83 515]]
[[ 59  50]
 [ 83 515]]
[[ 59  50]
 [ 83 515]]
[[ 68  41]
 [ 92 506]]
[[ 54  55]
 [ 81 517]]
[[ 36  73]
 [ 65 533]]
[[ 67  42]
 [105 493]]
[[ 82  27]
 [142 456]]
[[ 81  28]
 [144 454]]
[[ 61  48]
 [128 470]]
[[ 64  45]
 [134 464]]
[[ 81  28]
 [153 445]]
[[ 80  29]
 [156 442]]
[[ 83  26]
 [170 428]]
[[ 72  37]
 [166 432]]
[[ 70  39]
 [167 431]]
[[ 70  39]
 [167 431]]
