[[109   0]
 [ 28 570]]
[[109   0]
 [ 28 570]]
[[109   0]
 [ 28 570]]
[[109   0]
 [ 28 570]]
[[109   0]
 [ 29 569]]
[[109   0]
 [ 29 569]]
[[109   0]
 [ 30 568]]
[[109   0]
 [ 30 568]]
[[109   0]
 [ 30 568]]
[[109   0]
 [ 32 566]]
[[109   0]
 [ 34 564]]
[[109   0]
 [ 35 563]]
[[109   0]
 [ 36 562]]
[[109   0]
 [ 36 562]]
[[109   0]
 [ 36 562]]
[[109   0]
 [ 37 561]]
[[109   0]
 [ 37 561]]
[[109   0]
 [ 38 560]]
[[109   0]
 [ 40 558]]
[[109   0]
 [ 41 557]]
[[109   0]
 [ 49 549]]
[[109   0]
 [ 49 549]]
[[109   0]
 [ 50 548]]
[[109   0]
 [125 473]]
[[109   0]
 [125 473]]
