[[ 56  39]
 [ 67 452]]
[[ 72  23]
 [ 97 422]]
[[ 72  23]
 [ 98 421]]
[[ 74  21]
 [106 413]]
[[ 71  24]
 [106 413]]
[[ 71  24]
 [107 412]]
[[ 69  26]
 [107 412]]
[[ 70  25]
 [112 407]]
[[ 78  17]
 [126 393]]
[[ 80  15]
 [130 389]]
[[ 75  20]
 [125 394]]
[[ 77  18]
 [127 392]]
[[ 75  20]
 [128 391]]
[[ 80  15]
 [133 386]]
[[ 82  13]
 [136 383]]
[[ 81  14]
 [135 384]]
[[ 89   6]
 [161 358]]
[[ 79  16]
 [156 363]]
[[ 79  16]
 [162 357]]
[[ 83  12]
 [172 347]]
[[ 76  19]
 [172 347]]
[[ 87   8]
 [201 318]]
[[ 90   5]
 [205 314]]
[[ 88   7]
 [215 304]]
[[ 91   4]
 [247 272]]
