0.6669543776188795
0.6669543776188795
0.6669543776188795
0.6742537257650986
0.6742537257650986
0.6742537257650986
0.6742537257650986
0.6747497177094008
0.6747497177094008
0.6747497177094008
0.6747497177094008
0.6747497177094008
0.6762971980774539
0.6762971980774539
0.6762971980774539
0.6762971980774539
0.6762971980774539
0.6762971980774539
0.6770811379930132
0.6770811379930132
0.685361258874829
0.685361258874829
0.6888865708943646
0.6927246133842717
0.6927246133842717
0.6927246133842717
0.6927246133842717
0.6927246133842717
0.6927246133842717
0.6927246133842717
0.6927246133842717
0.6927246133842717
0.6927246133842717
0.6927246133842717
