[[166 134]
 [ 61 239]]
[[151 149]
 [ 52 248]]
[[143 157]
 [ 44 256]]
[[143 157]
 [ 48 252]]
[[119 181]
 [ 21 279]]
[[128 172]
 [ 36 264]]
[[125 175]
 [ 36 264]]
[[120 180]
 [ 40 260]]
[[120 180]
 [ 40 260]]
[[117 183]
 [ 38 262]]
[[115 185]
 [ 38 262]]
[[108 192]
 [ 30 270]]
[[111 189]
 [ 38 262]]
[[ 99 201]
 [ 21 279]]
[[ 97 203]
 [ 18 282]]
[[ 97 203]
 [ 18 282]]
[[ 95 205]
 [ 19 281]]
[[ 95 205]
 [ 33 267]]
[[ 82 218]
 [ 12 288]]
[[ 84 216]
 [ 20 280]]
[[ 84 216]
 [ 20 280]]
[[ 84 216]
 [ 20 280]]
[[ 84 216]
 [ 22 278]]
[[ 68 232]
 [ 20 280]]
[[ 62 238]
 [ 15 285]]
