0.7198879551820728
0.7349933748343709
0.7349933748343709
0.7349933748343709
0.7349933748343709
0.7349933748343709
0.7349933748343709
0.7349933748343709
0.7349933748343709
0.7349933748343709
0.7349933748343709
0.7349933748343709
0.7349933748343709
0.7349933748343709
0.7349933748343709
0.7349933748343709
0.7349933748343709
0.7349933748343709
0.7349933748343709
0.7349933748343709
0.7349933748343709
0.7349933748343709
0.7349933748343709
0.7349933748343709
0.7349933748343709
0.7349933748343709
0.7349933748343709
0.7349933748343709
0.7349933748343709
0.7349933748343709
0.7349933748343709
0.7349933748343709
