[[ 36  59]
 [ 13 506]]
[[ 52  43]
 [ 32 487]]
[[ 32  63]
 [ 13 506]]
[[ 26  69]
 [  7 512]]
[[ 20  75]
 [  3 516]]
[[ 35  60]
 [ 19 500]]
[[ 36  59]
 [ 21 498]]
[[ 57  38]
 [ 42 477]]
[[ 28  67]
 [ 14 505]]
[[ 39  56]
 [ 25 494]]
[[ 28  67]
 [ 14 505]]
[[ 55  40]
 [ 43 476]]
[[ 24  71]
 [ 14 505]]
[[ 49  46]
 [ 41 478]]
[[ 31  64]
 [ 26 493]]
[[ 21  74]
 [ 17 502]]
[[ 13  82]
 [ 18 501]]
[[ 59  36]
 [ 65 454]]
[[ 54  41]
 [ 61 458]]
[[ 13  82]
 [ 23 496]]
[[ 19  76]
 [ 30 489]]
[[ 11  84]
 [ 23 496]]
[[ 28  67]
 [ 49 470]]
[[ 29  66]
 [ 62 457]]
[[ 37  58]
 [124 395]]
