[[100  50]
 [ 32 118]]
[[114  36]
 [ 47 103]]
[[109  41]
 [ 43 107]]
[[111  39]
 [ 45 105]]
[[115  35]
 [ 49 101]]
[[100  50]
 [ 43 107]]
[[107  43]
 [ 51  99]]
[[118  32]
 [ 62  88]]
[[109  41]
 [ 54  96]]
[[118  32]
 [ 63  87]]
[[118  32]
 [ 63  87]]
[[108  42]
 [ 56  94]]
[[110  40]
 [ 58  92]]
[[ 99  51]
 [ 48 102]]
[[ 79  71]
 [ 27 123]]
[[109  41]
 [ 61  89]]
[[ 86  64]
 [ 38 112]]
[[113  37]
 [ 65  85]]
[[102  48]
 [ 56  94]]
[[121  29]
 [ 75  75]]
[[115  35]
 [ 71  79]]
[[123  27]
 [ 80  70]]
[[126  24]
 [ 86  64]]
[[86 64]
 [51 99]]
[[130  20]
 [100  50]]
