[[ 96  13]
 [ 19 579]]
[[ 94  15]
 [ 19 579]]
[[ 84  25]
 [ 12 586]]
[[ 93  16]
 [ 27 571]]
[[ 72  37]
 [  6 592]]
[[ 90  19]
 [ 25 573]]
[[ 74  35]
 [  9 589]]
[[ 74  35]
 [  9 589]]
[[ 71  38]
 [ 16 582]]
[[ 58  51]
 [  5 593]]
[[ 73  36]
 [ 22 576]]
[[ 95  14]
 [ 44 554]]
[[ 76  33]
 [ 28 570]]
[[ 54  55]
 [ 12 586]]
[[ 58  51]
 [ 16 582]]
[[ 77  32]
 [ 36 562]]
[[ 32  77]
 [  4 594]]
[[ 16  93]
 [  2 596]]
[[ 16  93]
 [  4 594]]
[[ 49  60]
 [ 38 560]]
[[ 46  63]
 [ 50 548]]
[[ 42  67]
 [ 48 550]]
[[  9 100]
 [ 17 581]]
[[ 55  54]
 [ 84 514]]
[[ 66  43]
 [127 471]]
