0.7433628318584071
0.7426160337552743
0.74235807860262
0.7400881057268722
0.7315175097276264
0.7294117647058823
0.7159533073929961
0.7142857142857143
0.7088607594936709
0.7058823529411765
0.7047619047619048
0.704
0.702928870292887
0.7
0.696969696969697
0.691358024691358
0.6906474820143885
0.6854460093896714
0.6792452830188679
0.6784140969162996
0.6784140969162996
0.6732673267326733
0.6729857819905213
0.6666666666666666
0.6666666666666666
0.6666666666666666
0.6635071090047393
0.6604651162790698
0.648936170212766
0.647887323943662
0.6424870466321243
0.6403940886699507
0.6294416243654822
0.6082474226804123
0.5837837837837838
