[[ 47  48]
 [  5 514]]
[[ 49  46]
 [  9 510]]
[[ 50  45]
 [ 10 509]]
[[ 50  45]
 [ 11 508]]
[[ 43  52]
 [  4 515]]
[[ 39  56]
 [ 12 507]]
[[ 33  62]
 [  7 512]]
[[ 53  42]
 [ 29 490]]
[[ 41  54]
 [ 18 501]]
[[ 32  63]
 [ 11 508]]
[[ 57  38]
 [ 36 483]]
[[ 32  63]
 [ 12 507]]
[[ 30  65]
 [ 14 505]]
[[ 20  75]
 [  5 514]]
[[ 27  68]
 [ 14 505]]
[[ 46  49]
 [ 33 486]]
[[ 24  71]
 [ 12 507]]
[[ 12  83]
 [  7 512]]
[[ 62  33]
 [ 58 461]]
[[ 23  72]
 [ 22 497]]
[[ 60  35]
 [ 61 458]]
[[  9  86]
 [ 12 507]]
[[  6  89]
 [ 10 509]]
[[ 58  37]
 [ 62 457]]
[[  5  90]
 [ 10 509]]
