[[ 63  46]
 [ 44 554]]
[[ 56  53]
 [ 38 560]]
[[ 56  53]
 [ 38 560]]
[[ 48  61]
 [ 31 567]]
[[ 26  83]
 [ 11 587]]
[[ 33  76]
 [ 21 577]]
[[ 54  55]
 [ 61 537]]
[[ 30  79]
 [ 38 560]]
[[ 30  79]
 [ 38 560]]
[[ 36  73]
 [ 46 552]]
[[ 40  69]
 [ 54 544]]
[[ 40  69]
 [ 54 544]]
[[ 40  69]
 [ 54 544]]
[[ 90  19]
 [107 491]]
[[ 62  47]
 [ 83 515]]
[[ 62  47]
 [ 83 515]]
[[100   9]
 [122 476]]
[[100   9]
 [122 476]]
[[ 48  61]
 [ 70 528]]
[[ 97  12]
 [121 477]]
[[ 96  13]
 [146 452]]
[[101   8]
 [162 436]]
[[107   2]
 [217 381]]
[[107   2]
 [217 381]]
[[107   2]
 [226 372]]
