0.74235807860262
0.7392996108949417
0.7368421052631579
0.7359307359307359
0.7359307359307359
0.7286245353159851
0.7257383966244726
0.7255813953488373
0.7241379310344828
0.7209302325581395
0.7207207207207207
0.7168141592920354
0.7142857142857143
0.7102803738317757
0.7074235807860262
0.7069767441860465
0.703862660944206
0.7012987012987013
0.7004608294930875
0.6978723404255319
0.6976744186046512
0.6970954356846473
0.696078431372549
0.6926829268292682
0.6926406926406926
0.6804979253112033
0.6785714285714286
0.676923076923077
0.6701030927835051
0.6699507389162561
0.6526315789473685
0.6526315789473685
0.6442307692307693
0.6424870466321243
0.6274509803921569
