[[156 144]
 [ 51 249]]
[[151 149]
 [ 45 255]]
[[158 142]
 [ 55 245]]
[[158 142]
 [ 55 245]]
[[158 142]
 [ 55 245]]
[[158 142]
 [ 55 245]]
[[175 125]
 [ 78 222]]
[[149 151]
 [ 49 251]]
[[143 157]
 [ 44 256]]
[[146 154]
 [ 51 249]]
[[138 162]
 [ 41 259]]
[[137 163]
 [ 46 254]]
[[134 166]
 [ 43 257]]
[[134 166]
 [ 43 257]]
[[133 167]
 [ 51 249]]
[[115 185]
 [ 30 270]]
[[123 177]
 [ 49 251]]
[[123 177]
 [ 49 251]]
[[114 186]
 [ 43 257]]
[[ 98 202]
 [ 21 279]]
[[109 191]
 [ 39 261]]
[[109 191]
 [ 39 261]]
[[109 191]
 [ 39 261]]
[[ 94 206]
 [ 29 271]]
[[ 69 231]
 [ 17 283]]
