[[ 46  49]
 [ 24 495]]
[[ 46  49]
 [ 28 491]]
[[ 45  50]
 [ 27 492]]
[[ 44  51]
 [ 28 491]]
[[ 49  46]
 [ 37 482]]
[[ 43  52]
 [ 32 487]]
[[ 50  45]
 [ 40 479]]
[[ 46  49]
 [ 38 481]]
[[ 29  66]
 [ 25 494]]
[[ 18  77]
 [ 17 502]]
[[ 14  81]
 [ 16 503]]
[[ 39  56]
 [ 41 478]]
[[ 16  79]
 [ 20 499]]
[[ 23  72]
 [ 28 491]]
[[ 53  42]
 [ 67 452]]
[[  5  90]
 [ 20 499]]
[[ 52  43]
 [ 74 445]]
[[ 52  43]
 [ 75 444]]
[[ 51  44]
 [ 79 440]]
[[ 53  42]
 [ 85 434]]
[[ 56  39]
 [105 414]]
[[ 71  24]
 [159 360]]
[[ 65  30]
 [163 356]]
[[ 69  26]
 [219 300]]
[[ 87   8]
 [341 178]]
