[[130  20]
 [ 56  94]]
[[130  20]
 [ 56  94]]
[[130  20]
 [ 56  94]]
[[130  20]
 [ 56  94]]
[[138  12]
 [ 66  84]]
[[139  11]
 [ 68  82]]
[[120  30]
 [ 53  97]]
[[120  30]
 [ 53  97]]
[[141   9]
 [ 72  78]]
[[131  19]
 [ 64  86]]
[[126  24]
 [ 60  90]]
[[126  24]
 [ 60  90]]
[[135  15]
 [ 73  77]]
[[136  14]
 [ 76  74]]
[[134  16]
 [ 77  73]]
[[134  16]
 [ 77  73]]
[[146   4]
 [ 93  57]]
[[146   4]
 [ 97  53]]
[[146   4]
 [103  47]]
[[145   5]
 [106  44]]
[[145   5]
 [107  43]]
[[144   6]
 [108  42]]
[[145   5]
 [112  38]]
[[145   5]
 [112  38]]
[[145   5]
 [112  38]]
