[[ 15  25]
 [ 13 147]]
[[ 15  25]
 [ 13 147]]
[[ 15  25]
 [ 13 147]]
[[ 15  25]
 [ 13 147]]
[[ 15  25]
 [ 13 147]]
[[ 15  25]
 [ 13 147]]
[[ 15  25]
 [ 13 147]]
[[ 16  24]
 [ 16 144]]
[[ 15  25]
 [ 19 141]]
[[ 15  25]
 [ 19 141]]
[[ 15  25]
 [ 19 141]]
[[ 15  25]
 [ 19 141]]
[[ 15  25]
 [ 19 141]]
[[ 15  25]
 [ 19 141]]
[[ 15  25]
 [ 19 141]]
[[ 13  27]
 [ 14 146]]
[[ 13  27]
 [ 14 146]]
[[ 11  29]
 [  9 151]]
[[ 12  28]
 [ 13 147]]
[[ 12  28]
 [ 13 147]]
[[ 12  28]
 [ 13 147]]
[[ 12  28]
 [ 13 147]]
[[ 12  28]
 [ 16 144]]
[[ 12  28]
 [ 18 142]]
[[ 10  30]
 [ 13 147]]
