[[109   0]
 [441 157]]
[[109   0]
 [381 217]]
[[109   0]
 [518  80]]
[[109   0]
 [477 121]]
[[109   0]
 [402 196]]
[[109   0]
 [507  91]]
[[109   0]
 [435 163]]
[[109   0]
 [367 231]]
[[109   0]
 [543  55]]
[[109   0]
 [397 201]]
[[109   0]
 [518  80]]
[[109   0]
 [537  61]]
[[109   0]
 [255 343]]
[[109   0]
 [512  86]]
[[109   0]
 [363 235]]
[[109   0]
 [502  96]]
[[109   0]
 [432 166]]
[[109   0]
 [371 227]]
[[109   0]
 [487 111]]
[[109   0]
 [525  73]]
[[109   0]
 [421 177]]
[[109   0]
 [419 179]]
[[109   0]
 [524  74]]
[[109   0]
 [476 122]]
[[109   0]
 [405 193]]
