[[ 58  37]
 [ 25 494]]
[[ 63  32]
 [ 30 489]]
[[ 61  34]
 [ 28 491]]
[[ 59  36]
 [ 26 493]]
[[ 63  32]
 [ 31 488]]
[[ 58  37]
 [ 27 492]]
[[ 60  35]
 [ 30 489]]
[[ 56  39]
 [ 28 491]]
[[ 43  52]
 [ 16 503]]
[[ 50  45]
 [ 24 495]]
[[ 58  37]
 [ 33 486]]
[[ 44  51]
 [ 23 496]]
[[ 60  35]
 [ 39 480]]
[[ 60  35]
 [ 39 480]]
[[ 63  32]
 [ 43 476]]
[[ 38  57]
 [ 19 500]]
[[ 61  34]
 [ 43 476]]
[[ 61  34]
 [ 43 476]]
[[ 57  38]
 [ 40 479]]
[[ 60  35]
 [ 44 475]]
[[ 45  50]
 [ 29 490]]
[[ 48  47]
 [ 33 486]]
[[ 32  63]
 [ 19 500]]
[[ 58  37]
 [ 45 474]]
[[ 58  37]
 [ 45 474]]
