[[135 102]
 [108 129]]
[[135 102]
 [108 129]]
[[135 102]
 [108 129]]
[[135 102]
 [108 129]]
[[135 102]
 [108 129]]
[[135 102]
 [108 129]]
[[135 102]
 [108 129]]
[[135 102]
 [108 129]]
[[135 102]
 [108 129]]
[[135 102]
 [108 129]]
[[139  98]
 [112 125]]
[[139  98]
 [112 125]]
[[128 109]
 [104 133]]
[[128 109]
 [104 133]]
[[128 109]
 [104 133]]
[[128 109]
 [104 133]]
[[190  47]
 [174  63]]
[[190  47]
 [174  63]]
[[190  47]
 [174  63]]
[[ 64 173]
 [ 53 184]]
[[ 64 173]
 [ 53 184]]
[[ 12 225]
 [ 10 227]]
[[  8 229]
 [  9 228]]
[[  8 229]
 [  9 228]]
[[  5 232]
 [  5 232]]
