[[ 48  47]
 [ 17 502]]
[[ 47  48]
 [ 19 500]]
[[ 48  47]
 [ 20 499]]
[[ 47  48]
 [ 19 500]]
[[ 47  48]
 [ 20 499]]
[[ 48  47]
 [ 21 498]]
[[ 47  48]
 [ 20 499]]
[[ 47  48]
 [ 22 497]]
[[ 48  47]
 [ 23 496]]
[[ 39  56]
 [ 15 504]]
[[ 38  57]
 [ 21 498]]
[[ 21  74]
 [ 22 497]]
[[ 14  81]
 [ 15 504]]
[[ 12  83]
 [ 18 501]]
[[ 13  82]
 [ 20 499]]
[[ 13  82]
 [ 20 499]]
[[ 15  80]
 [ 24 495]]
[[ 60  35]
 [133 386]]
[[ 58  37]
 [137 382]]
[[ 66  29]
 [194 325]]
[[ 69  26]
 [216 303]]
[[ 71  24]
 [218 301]]
[[ 76  19]
 [227 292]]
[[ 73  22]
 [229 290]]
[[ 79  16]
 [246 273]]
