[[103   6]
 [ 19 579]]
[[102   7]
 [ 22 576]]
[[108   1]
 [ 28 570]]
[[ 97  12]
 [ 17 581]]
[[105   4]
 [ 25 573]]
[[102   7]
 [ 23 575]]
[[106   3]
 [ 31 567]]
[[108   1]
 [ 33 565]]
[[ 76  33]
 [ 10 588]]
[[ 74  35]
 [  8 590]]
[[ 67  42]
 [  9 589]]
[[ 48  61]
 [  5 593]]
[[ 50  59]
 [ 10 588]]
[[ 47  62]
 [ 11 587]]
[[ 34  75]
 [  2 596]]
[[ 27  82]
 [  2 596]]
[[ 21  88]
 [  0 598]]
[[ 24  85]
 [  3 595]]
[[ 19  90]
 [  0 598]]
[[ 20  89]
 [  1 597]]
[[ 50  59]
 [ 44 554]]
[[ 43  66]
 [ 41 557]]
[[ 51  58]
 [ 51 547]]
[[ 48  61]
 [ 57 541]]
[[ 95  14]
 [208 390]]
