[[ 44  51]
 [ 33 486]]
[[ 71  24]
 [ 60 459]]
[[ 70  25]
 [ 65 454]]
[[ 68  27]
 [ 64 455]]
[[ 22  73]
 [ 18 501]]
[[ 69  26]
 [ 66 453]]
[[ 77  18]
 [102 417]]
[[ 81  14]
 [127 392]]
[[ 73  22]
 [120 399]]
[[ 73  22]
 [125 394]]
[[ 80  15]
 [139 380]]
[[ 83  12]
 [155 364]]
[[ 80  15]
 [158 361]]
[[ 84  11]
 [168 351]]
[[ 79  16]
 [168 351]]
[[ 85  10]
 [178 341]]
[[ 86   9]
 [182 337]]
[[ 88   7]
 [184 335]]
[[ 89   6]
 [185 334]]
[[ 86   9]
 [183 336]]
[[ 87   8]
 [195 324]]
[[ 84  11]
 [193 326]]
[[ 88   7]
 [201 318]]
[[ 86   9]
 [200 319]]
[[ 88   7]
 [214 305]]
