[[ 13  27]
 [ 11 149]]
[[ 15  25]
 [ 18 142]]
[[ 12  28]
 [ 10 150]]
[[ 18  22]
 [ 28 132]]
[[ 18  22]
 [ 28 132]]
[[ 12  28]
 [ 12 148]]
[[ 13  27]
 [ 16 144]]
[[ 13  27]
 [ 19 141]]
[[ 12  28]
 [ 16 144]]
[[ 10  30]
 [ 10 150]]
[[  9  31]
 [  7 153]]
[[ 10  30]
 [ 12 148]]
[[ 12  28]
 [ 19 141]]
[[ 16  24]
 [ 31 129]]
[[ 15  25]
 [ 29 131]]
[[ 10  30]
 [ 14 146]]
[[ 10  30]
 [ 17 143]]
[[ 13  27]
 [ 27 133]]
[[  9  31]
 [ 14 146]]
[[ 11  29]
 [ 22 138]]
[[  9  31]
 [ 15 145]]
[[  6  34]
 [  4 156]]
[[  6  34]
 [  4 156]]
[[  7  33]
 [ 13 147]]
[[  7  33]
 [ 18 142]]
