[[19 81]
 [ 4 96]]
[[19 81]
 [ 6 94]]
[[16 84]
 [ 1 99]]
[[16 84]
 [ 1 99]]
[[16 84]
 [ 1 99]]
[[16 84]
 [ 1 99]]
[[15 85]
 [ 1 99]]
[[13 87]
 [ 1 99]]
[[  5  95]
 [  0 100]]
[[  3  97]
 [  0 100]]
[[  2  98]
 [  0 100]]
[[  2  98]
 [  0 100]]
[[  2  98]
 [  0 100]]
[[  2  98]
 [  0 100]]
[[  2  98]
 [  0 100]]
[[  2  98]
 [  0 100]]
[[  2  98]
 [  0 100]]
[[  2  98]
 [  0 100]]
[[  2  98]
 [  0 100]]
[[  1  99]
 [  0 100]]
[[  1  99]
 [  0 100]]
[[  0 100]
 [  0 100]]
[[  0 100]
 [  0 100]]
[[  0 100]
 [  0 100]]
[[  0 100]
 [  0 100]]
