[[ 96  13]
 [ 19 579]]
[[ 94  15]
 [ 19 579]]
[[ 84  25]
 [ 12 586]]
[[ 90  19]
 [ 22 576]]
[[ 90  19]
 [ 23 575]]
[[ 93  16]
 [ 27 571]]
[[ 72  37]
 [  6 592]]
[[ 91  18]
 [ 28 570]]
[[ 86  23]
 [ 25 573]]
[[ 69  40]
 [ 19 579]]
[[ 56  53]
 [  8 590]]
[[ 60  49]
 [ 14 584]]
[[ 64  45]
 [ 19 579]]
[[ 39  70]
 [  6 592]]
[[ 42  67]
 [ 22 576]]
[[ 13  96]
 [  1 597]]
[[ 19  90]
 [ 11 587]]
[[ 82  27]
 [ 97 501]]
[[ 87  22]
 [105 493]]
[[ 79  30]
 [108 490]]
[[ 93  16]
 [127 471]]
[[ 92  17]
 [130 468]]
[[ 96  13]
 [247 351]]
[[ 97  12]
 [277 321]]
[[ 97  12]
 [411 187]]
