[[109   0]
 [ 52 546]]
[[109   0]
 [ 53 545]]
[[109   0]
 [ 57 541]]
[[109   0]
 [ 57 541]]
[[109   0]
 [ 58 540]]
[[109   0]
 [ 58 540]]
[[109   0]
 [ 60 538]]
[[109   0]
 [ 60 538]]
[[109   0]
 [ 60 538]]
[[109   0]
 [ 63 535]]
[[109   0]
 [ 63 535]]
[[109   0]
 [ 81 517]]
[[109   0]
 [104 494]]
[[109   0]
 [107 491]]
[[109   0]
 [118 480]]
[[109   0]
 [122 476]]
[[109   0]
 [130 468]]
[[109   0]
 [133 465]]
[[109   0]
 [140 458]]
[[109   0]
 [143 455]]
[[109   0]
 [176 422]]
[[109   0]
 [192 406]]
[[109   0]
 [195 403]]
[[109   0]
 [204 394]]
[[109   0]
 [207 391]]
