[[ 53  42]
 [ 38 481]]
[[ 59  36]
 [ 47 472]]
[[ 65  30]
 [ 53 466]]
[[ 37  58]
 [ 27 492]]
[[ 61  34]
 [ 51 468]]
[[ 61  34]
 [ 56 463]]
[[ 21  74]
 [ 17 502]]
[[ 65  30]
 [ 62 457]]
[[ 68  27]
 [ 67 452]]
[[ 19  76]
 [ 19 500]]
[[ 69  26]
 [ 70 449]]
[[ 58  37]
 [ 65 454]]
[[ 68  27]
 [ 76 443]]
[[  6  89]
 [ 15 504]]
[[ 68  27]
 [ 78 441]]
[[ 72  23]
 [ 88 431]]
[[ 70  25]
 [108 411]]
[[ 76  19]
 [131 388]]
[[ 75  20]
 [138 381]]
[[ 79  16]
 [158 361]]
[[ 87   8]
 [195 324]]
[[ 86   9]
 [196 323]]
[[ 86   9]
 [199 320]]
[[ 82  13]
 [199 320]]
[[ 87   8]
 [221 298]]
