[[105   4]
 [ 17 581]]
[[105   4]
 [ 17 581]]
[[ 95  14]
 [  8 590]]
[[105   4]
 [ 19 579]]
[[105   4]
 [ 19 579]]
[[103   6]
 [ 19 579]]
[[105   4]
 [ 22 576]]
[[105   4]
 [ 22 576]]
[[101   8]
 [ 19 579]]
[[105   4]
 [ 23 575]]
[[ 89  20]
 [ 15 583]]
[[ 90  19]
 [ 18 580]]
[[ 84  25]
 [ 14 584]]
[[ 96  13]
 [ 27 571]]
[[ 58  51]
 [  8 590]]
[[ 53  56]
 [  6 592]]
[[ 53  56]
 [ 17 581]]
[[ 34  75]
 [  3 595]]
[[104   5]
 [196 402]]
[[106   3]
 [201 397]]
[[107   2]
 [213 385]]
[[104   5]
 [213 385]]
[[101   8]
 [234 364]]
[[101   8]
 [234 364]]
[[102   7]
 [314 284]]
