[[106  44]
 [ 45 105]]
[[104  46]
 [ 43 107]]
[[100  50]
 [ 40 110]]
[[100  50]
 [ 40 110]]
[[100  50]
 [ 40 110]]
[[103  47]
 [ 44 106]]
[[ 95  55]
 [ 38 112]]
[[ 91  59]
 [ 36 114]]
[[ 91  59]
 [ 36 114]]
[[ 86  64]
 [ 31 119]]
[[ 94  56]
 [ 41 109]]
[[ 92  58]
 [ 39 111]]
[[ 89  61]
 [ 36 114]]
[[ 88  62]
 [ 35 115]]
[[ 82  68]
 [ 29 121]]
[[ 91  59]
 [ 40 110]]
[[ 81  69]
 [ 29 121]]
[[ 83  67]
 [ 33 117]]
[[ 89  61]
 [ 40 110]]
[[ 78  72]
 [ 28 122]]
[[ 78  72]
 [ 29 121]]
[[ 75  75]
 [ 28 122]]
[[ 75  75]
 [ 29 121]]
[[ 70  80]
 [ 29 121]]
[[ 68  82]
 [ 29 121]]
