[[164 136]
 [ 57 243]]
[[164 136]
 [ 57 243]]
[[164 136]
 [ 57 243]]
[[155 145]
 [ 47 253]]
[[155 145]
 [ 47 253]]
[[159 141]
 [ 55 245]]
[[152 148]
 [ 48 252]]
[[153 147]
 [ 51 249]]
[[157 143]
 [ 57 243]]
[[157 143]
 [ 57 243]]
[[155 145]
 [ 56 244]]
[[155 145]
 [ 56 244]]
[[155 145]
 [ 56 244]]
[[138 162]
 [ 38 262]]
[[131 169]
 [ 37 263]]
[[127 173]
 [ 33 267]]
[[127 173]
 [ 33 267]]
[[127 173]
 [ 33 267]]
[[121 179]
 [ 29 271]]
[[113 187]
 [ 24 276]]
[[119 181]
 [ 47 253]]
[[103 197]
 [ 24 276]]
[[108 192]
 [ 35 265]]
[[ 85 215]
 [ 25 275]]
[[ 79 221]
 [ 17 283]]
