[[148  52]
 [ 48 152]]
[[136  64]
 [ 36 164]]
[[136  64]
 [ 36 164]]
[[136  64]
 [ 36 164]]
[[136  64]
 [ 36 164]]
[[147  53]
 [ 48 152]]
[[147  53]
 [ 48 152]]
[[147  53]
 [ 48 152]]
[[145  55]
 [ 47 153]]
[[145  55]
 [ 47 153]]
[[145  55]
 [ 47 153]]
[[145  55]
 [ 47 153]]
[[140  60]
 [ 46 154]]
[[140  60]
 [ 46 154]]
[[140  60]
 [ 46 154]]
[[140  60]
 [ 46 154]]
[[121  79]
 [ 28 172]]
[[121  79]
 [ 28 172]]
[[137  63]
 [ 46 154]]
[[137  63]
 [ 48 152]]
[[137  63]
 [ 48 152]]
[[135  65]
 [ 48 152]]
[[126  74]
 [ 40 160]]
[[108  92]
 [ 28 172]]
[[105  95]
 [ 26 174]]
