0.6393210749646393
0.8939179632248939
0.9278642149929278
0.9278642149929278
0.9377652050919377
0.9476661951909476
0.9476661951909476
0.9547383309759547
0.9547383309759547
0.9547383309759547
0.9547383309759547
0.9547383309759547
0.958981612446959
0.958981612446959
0.958981612446959
0.958981612446959
0.958981612446959
0.958981612446959
0.9646393210749646
0.9646393210749646
0.9646393210749646
0.9646393210749646
0.9646393210749646
0.9646393210749646
0.9646393210749646
0.9646393210749646
0.9702970297029703
0.9702970297029703
0.9702970297029703
0.9702970297029703
0.9702970297029703
0.9702970297029703
0.9702970297029703
0.9702970297029703
0.9702970297029703
0.9702970297029703
0.9702970297029703
