0.7033312382149592
0.7219343259435274
0.7219343259435274
0.7219343259435274
0.7219343259435274
0.7219343259435274
0.7219343259435274
0.7219343259435274
0.7219343259435274
0.7219343259435274
0.7219343259435274
0.7219343259435274
0.7219343259435274
0.7219343259435274
0.7219343259435274
0.7219343259435274
0.7219343259435274
0.7219343259435274
0.7219343259435274
0.7219343259435274
0.7219343259435274
0.7219343259435274
0.7219343259435274
0.7219343259435274
0.7219343259435274
0.7219343259435274
0.7219343259435274
0.7219343259435274
0.7219343259435274
0.7219343259435274
0.7219343259435274
0.7219343259435274
