[[323 177]
 [107 393]]
[[323 177]
 [107 393]]
[[323 177]
 [107 393]]
[[323 177]
 [107 393]]
[[323 177]
 [107 393]]
[[323 177]
 [107 393]]
[[323 177]
 [107 393]]
[[323 177]
 [107 393]]
[[323 177]
 [107 393]]
[[369 131]
 [157 343]]
[[341 159]
 [147 353]]
[[357 143]
 [165 335]]
[[394 106]
 [207 293]]
[[394 106]
 [207 293]]
[[306 194]
 [121 379]]
[[364 136]
 [182 318]]
[[345 155]
 [165 335]]
[[297 203]
 [122 378]]
[[292 208]
 [128 372]]
[[361 139]
 [202 298]]
[[414  86]
 [252 248]]
[[295 205]
 [150 350]]
[[257 243]
 [126 374]]
[[257 243]
 [126 374]]
[[252 248]
 [132 368]]
