[[139  11]
 [ 68  82]]
[[139  11]
 [ 68  82]]
[[126  24]
 [ 57  93]]
[[117  33]
 [ 52  98]]
[[117  33]
 [ 52  98]]
[[135  15]
 [ 68  82]]
[[136  14]
 [ 69  81]]
[[137  13]
 [ 70  80]]
[[137  13]
 [ 70  80]]
[[101  49]
 [ 37 113]]
[[134  16]
 [ 68  82]]
[[128  22]
 [ 63  87]]
[[137  13]
 [ 73  77]]
[[139  11]
 [ 78  72]]
[[135  15]
 [ 78  72]]
[[138  12]
 [ 82  68]]
[[143   7]
 [ 87  63]]
[[146   4]
 [ 90  60]]
[[140  10]
 [ 88  62]]
[[138  12]
 [ 89  61]]
[[138  12]
 [ 89  61]]
[[140  10]
 [ 91  59]]
[[145   5]
 [ 95  55]]
[[143   7]
 [ 98  52]]
[[147   3]
 [116  34]]
