[[ 64  45]
 [ 64 534]]
[[ 64  45]
 [ 64 534]]
[[ 79  30]
 [ 80 518]]
[[106   3]
 [110 488]]
[[ 92  17]
 [ 99 499]]
[[104   5]
 [120 478]]
[[ 94  15]
 [146 452]]
[[ 94  15]
 [146 452]]
[[ 94  15]
 [146 452]]
[[ 99  10]
 [163 435]]
[[ 42  67]
 [107 491]]
[[ 96  13]
 [161 437]]
[[ 96  13]
 [163 435]]
[[ 97  12]
 [170 428]]
[[ 95  14]
 [168 430]]
[[ 53  56]
 [131 467]]
[[ 51  58]
 [136 462]]
[[ 59  50]
 [145 453]]
[[ 61  48]
 [148 450]]
[[109   0]
 [327 271]]
[[109   0]
 [385 213]]
[[109   0]
 [392 206]]
[[109   0]
 [465 133]]
[[109   0]
 [470 128]]
[[109   0]
 [470 128]]
