[[109   0]
 [ 57 541]]
[[109   0]
 [ 65 533]]
[[109   0]
 [ 66 532]]
[[109   0]
 [ 66 532]]
[[109   0]
 [ 66 532]]
[[109   0]
 [ 70 528]]
[[109   0]
 [ 70 528]]
[[109   0]
 [ 80 518]]
[[109   0]
 [ 84 514]]
[[109   0]
 [107 491]]
[[109   0]
 [125 473]]
[[109   0]
 [127 471]]
[[109   0]
 [130 468]]
[[109   0]
 [132 466]]
[[109   0]
 [142 456]]
[[109   0]
 [145 453]]
[[109   0]
 [147 451]]
[[109   0]
 [160 438]]
[[109   0]
 [164 434]]
[[109   0]
 [167 431]]
[[109   0]
 [179 419]]
[[109   0]
 [201 397]]
[[109   0]
 [205 393]]
[[109   0]
 [235 363]]
[[109   0]
 [242 356]]
