[[ 88   7]
 [184 335]]
[[ 83  12]
 [155 364]]
[[ 94   1]
 [278 241]]
[[ 93   2]
 [260 259]]
[[ 85  10]
 [186 333]]
[[ 89   6]
 [248 271]]
[[ 91   4]
 [183 336]]
[[ 90   5]
 [218 301]]
[[ 92   3]
 [258 261]]
[[ 93   2]
 [265 254]]
[[ 86   9]
 [223 296]]
[[ 90   5]
 [250 269]]
[[ 89   6]
 [192 327]]
[[ 93   2]
 [284 235]]
[[ 86   9]
 [178 341]]
[[ 89   6]
 [193 326]]
[[ 87   8]
 [193 326]]
[[ 87   8]
 [198 321]]
[[ 88   7]
 [193 326]]
[[ 76  19]
 [142 377]]
[[ 93   2]
 [290 229]]
[[ 76  19]
 [149 370]]
[[ 88   7]
 [179 340]]
[[ 92   3]
 [232 287]]
[[ 91   4]
 [210 309]]
