[[ 47  48]
 [  5 514]]
[[ 51  44]
 [ 11 508]]
[[ 49  46]
 [  9 510]]
[[ 50  45]
 [ 10 509]]
[[ 50  45]
 [ 11 508]]
[[ 43  52]
 [  4 515]]
[[ 50  45]
 [ 14 505]]
[[ 49  46]
 [ 13 506]]
[[ 46  49]
 [ 15 504]]
[[ 42  53]
 [ 17 502]]
[[ 42  53]
 [ 18 501]]
[[ 41  54]
 [ 19 500]]
[[ 35  60]
 [ 13 506]]
[[ 33  62]
 [ 12 507]]
[[ 33  62]
 [ 12 507]]
[[ 42  53]
 [ 24 495]]
[[ 46  49]
 [ 28 491]]
[[ 30  65]
 [ 15 504]]
[[ 21  74]
 [ 13 506]]
[[ 19  76]
 [ 11 508]]
[[ 20  75]
 [ 18 501]]
[[ 21  74]
 [ 19 500]]
[[ 11  84]
 [ 17 502]]
[[  4  91]
 [ 13 506]]
[[  5  90]
 [ 15 504]]
