[[130  20]
 [ 56  94]]
[[130  20]
 [ 56  94]]
[[139  11]
 [ 68  82]]
[[139  11]
 [ 68  82]]
[[126  24]
 [ 57  93]]
[[107  43]
 [ 43 107]]
[[126  24]
 [ 62  88]]
[[110  40]
 [ 49 101]]
[[127  23]
 [ 66  84]]
[[105  45]
 [ 48 102]]
[[116  34]
 [ 59  91]]
[[116  34]
 [ 59  91]]
[[117  33]
 [ 60  90]]
[[125  25]
 [ 68  82]]
[[127  23]
 [ 70  80]]
[[114  36]
 [ 59  91]]
[[136  14]
 [ 80  70]]
[[129  21]
 [ 88  62]]
[[136  14]
 [100  50]]
[[146   4]
 [106  44]]
[[137  13]
 [106  44]]
[[146   4]
 [112  38]]
[[145   5]
 [116  34]]
[[143   7]
 [119  31]]
[[148   2]
 [127  23]]
