[[136  64]
 [ 36 164]]
[[154  46]
 [ 55 145]]
[[154  46]
 [ 55 145]]
[[154  46]
 [ 55 145]]
[[141  59]
 [ 42 158]]
[[141  59]
 [ 42 158]]
[[136  64]
 [ 37 163]]
[[156  44]
 [ 58 142]]
[[158  42]
 [ 63 137]]
[[140  60]
 [ 46 154]]
[[153  47]
 [ 60 140]]
[[135  65]
 [ 43 157]]
[[156  44]
 [ 65 135]]
[[134  66]
 [ 43 157]]
[[149  51]
 [ 60 140]]
[[146  54]
 [ 58 142]]
[[125  75]
 [ 37 163]]
[[132  68]
 [ 45 155]]
[[122  78]
 [ 35 165]]
[[146  54]
 [ 62 138]]
[[113  87]
 [ 27 173]]
[[134  66]
 [ 65 135]]
[[135  65]
 [ 67 133]]
[[138  62]
 [ 71 129]]
[[145  55]
 [ 78 122]]
