[[104 396]
 [ 21 479]]
[[185 315]
 [ 45 455]]
[[285 215]
 [100 400]]
[[160 340]
 [ 38 462]]
[[251 249]
 [ 82 418]]
[[294 206]
 [112 388]]
[[140 360]
 [ 32 468]]
[[142 358]
 [ 18 482]]
[[194 306]
 [ 45 455]]
[[167 333]
 [ 40 460]]
[[151 349]
 [ 40 460]]
[[279 221]
 [118 382]]
[[231 269]
 [ 82 418]]
[[246 254]
 [ 89 411]]
[[249 251]
 [ 85 415]]
[[155 345]
 [ 33 467]]
[[158 342]
 [ 34 466]]
[[226 274]
 [ 96 404]]
[[124 376]
 [ 25 475]]
[[163 337]
 [ 38 462]]
[[161 339]
 [ 21 479]]
[[179 321]
 [ 44 456]]
[[165 335]
 [ 41 459]]
[[185 315]
 [ 53 447]]
[[185 315]
 [ 42 458]]
