[[  9  31]
 [  8 152]]
[[ 11  29]
 [ 16 144]]
[[  9  31]
 [ 10 150]]
[[ 12  28]
 [ 21 139]]
[[  9  31]
 [ 12 148]]
[[ 10  30]
 [ 18 142]]
[[  7  33]
 [  9 151]]
[[ 23  17]
 [ 56 104]]
[[  8  32]
 [ 14 146]]
[[ 15  25]
 [ 40 120]]
[[  6  34]
 [  8 152]]
[[  6  34]
 [  9 151]]
[[  5  35]
 [  4 156]]
[[  5  35]
 [  5 155]]
[[  5  35]
 [  6 154]]
[[  5  35]
 [  7 153]]
[[ 14  26]
 [ 42 118]]
[[  8  32]
 [ 22 138]]
[[  5  35]
 [  8 152]]
[[  4  36]
 [  5 155]]
[[  5  35]
 [ 11 149]]
[[  4  36]
 [ 10 150]]
[[  2  38]
 [  5 155]]
[[  2  38]
 [  6 154]]
[[  2  38]
 [  7 153]]
