0.7095352564102564
0.7095352564102564
0.7095352564102564
0.7095352564102564
0.7095352564102564
0.7095352564102564
0.7095352564102564
0.7095352564102564
0.7095352564102564
0.7095352564102564
0.7095352564102564
0.7095352564102564
0.7095352564102564
0.7095352564102564
0.7095352564102564
0.7095352564102564
0.7095352564102564
0.7095352564102564
0.7095352564102564
0.7095352564102564
0.7095352564102564
0.7095352564102564
0.7095352564102564
0.7095352564102564
0.7095352564102564
0.7095352564102564
0.7095352564102564
0.7095352564102564
0.7095352564102564
0.7095352564102564
0.7095352564102564
