0.7685185185185185
0.7521367521367521
0.75
0.7443946188340808
0.7433628318584071
0.7330316742081447
0.7255813953488373
0.7107438016528925
0.6976744186046512
0.696078431372549
0.696078431372549
0.6854460093896714
0.6844444444444444
0.6798029556650246
0.6794258373205742
0.6762589928057554
0.6737588652482269
0.6732673267326733
0.6728971962616822
0.671280276816609
0.6666666666666666
0.6666666666666666
0.6642857142857143
0.6634615384615384
0.657243816254417
0.6538461538461539
0.6530612244897959
0.6403940886699507
0.6387434554973822
0.6136363636363636
0.5869565217391305
0.5595238095238095
0.5185185185185185
0.4840764331210191
0.41134751773049644
