[[323 177]
 [107 393]]
[[323 177]
 [107 393]]
[[323 177]
 [107 393]]
[[323 177]
 [107 393]]
[[323 177]
 [107 393]]
[[323 177]
 [107 393]]
[[349 151]
 [136 364]]
[[349 151]
 [136 364]]
[[349 151]
 [136 364]]
[[349 151]
 [136 364]]
[[349 151]
 [136 364]]
[[349 151]
 [136 364]]
[[349 151]
 [136 364]]
[[327 173]
 [135 365]]
[[327 173]
 [135 365]]
[[327 173]
 [135 365]]
[[283 217]
 [ 93 407]]
[[343 157]
 [165 335]]
[[284 216]
 [103 397]]
[[284 216]
 [103 397]]
[[284 216]
 [103 397]]
[[280 220]
 [ 99 401]]
[[267 233]
 [ 91 409]]
[[196 304]
 [ 64 436]]
[[167 333]
 [ 53 447]]
