0.7033312382149592
0.7044014128610436
0.7044014128610436
0.7044014128610436
0.7044014128610436
0.7044014128610436
0.7044014128610436
0.7044014128610436
0.7044014128610436
0.7044014128610436
0.7044014128610436
0.7044014128610436
0.7044014128610436
0.7044014128610436
0.7044014128610436
0.7044014128610436
0.7044014128610436
0.7044014128610436
0.7044014128610436
0.7044014128610436
0.7044014128610436
0.7044014128610436
0.7044014128610436
0.7044014128610436
0.7044014128610436
0.7044014128610436
0.7044014128610436
0.7044014128610436
0.7044014128610436
0.7044014128610436
0.7044014128610436
0.7044014128610436
