[[ 58  37]
 [ 25 494]]
[[ 63  32]
 [ 30 489]]
[[ 61  34]
 [ 28 491]]
[[ 63  32]
 [ 31 488]]
[[ 60  35]
 [ 28 491]]
[[ 53  42]
 [ 22 497]]
[[ 60  35]
 [ 30 489]]
[[ 52  43]
 [ 25 494]]
[[ 50  45]
 [ 23 496]]
[[ 48  47]
 [ 21 498]]
[[ 45  50]
 [ 21 498]]
[[ 48  47]
 [ 25 494]]
[[ 51  44]
 [ 28 491]]
[[ 43  52]
 [ 20 499]]
[[ 52  43]
 [ 29 490]]
[[ 43  52]
 [ 20 499]]
[[ 61  34]
 [ 39 480]]
[[ 46  49]
 [ 24 495]]
[[ 54  41]
 [ 33 486]]
[[ 48  47]
 [ 27 492]]
[[ 52  43]
 [ 31 488]]
[[ 51  44]
 [ 31 488]]
[[ 47  48]
 [ 28 491]]
[[ 51  44]
 [ 32 487]]
[[ 44  51]
 [ 26 493]]
