[[100  50]
 [ 32 118]]
[[114  36]
 [ 47 103]]
[[109  41]
 [ 43 107]]
[[111  39]
 [ 45 105]]
[[115  35]
 [ 49 101]]
[[101  49]
 [ 36 114]]
[[101  49]
 [ 36 114]]
[[115  35]
 [ 50 100]]
[[ 93  57]
 [ 29 121]]
[[ 99  51]
 [ 38 112]]
[[ 91  59]
 [ 31 119]]
[[ 90  60]
 [ 30 120]]
[[ 85  65]
 [ 28 122]]
[[ 78  72]
 [ 21 129]]
[[ 78  72]
 [ 21 129]]
[[ 96  54]
 [ 45 105]]
[[109  41]
 [ 58  92]]
[[107  43]
 [ 57  93]]
[[110  40]
 [ 61  89]]
[[ 75  75]
 [ 25 125]]
[[ 91  59]
 [ 48 102]]
[[ 71  79]
 [ 33 117]]
[[ 75  75]
 [ 39 111]]
[[ 54  96]
 [ 20 130]]
[[ 54  96]
 [ 20 130]]
