0.7433628318584071
0.7426160337552743
0.74235807860262
0.7400881057268722
0.7203791469194313
0.7188940092165899
0.7183673469387755
0.7155172413793104
0.7149321266968326
0.7142857142857143
0.7124463519313304
0.7105263157894737
0.7058823529411765
0.704
0.7
0.6944444444444444
0.6906474820143885
0.6896551724137931
0.6846846846846847
0.6810344827586207
0.6792452830188679
0.6785714285714286
0.6784140969162996
0.6782006920415224
0.6761565836298933
0.673469387755102
0.673469387755102
0.6721991701244814
0.6666666666666666
0.6666666666666666
0.6607142857142857
0.6604651162790698
0.6572769953051644
0.6368715083798883
0.6206896551724138
