[[109   0]
 [ 28 570]]
[[109   0]
 [ 28 570]]
[[109   0]
 [ 28 570]]
[[109   0]
 [ 29 569]]
[[109   0]
 [ 29 569]]
[[109   0]
 [ 29 569]]
[[109   0]
 [ 30 568]]
[[109   0]
 [ 33 565]]
[[109   0]
 [ 34 564]]
[[109   0]
 [ 34 564]]
[[109   0]
 [ 35 563]]
[[109   0]
 [ 35 563]]
[[109   0]
 [ 35 563]]
[[109   0]
 [ 36 562]]
[[109   0]
 [ 36 562]]
[[109   0]
 [ 37 561]]
[[109   0]
 [ 39 559]]
[[109   0]
 [ 39 559]]
[[109   0]
 [ 40 558]]
[[109   0]
 [ 41 557]]
[[109   0]
 [ 41 557]]
[[109   0]
 [ 42 556]]
[[109   0]
 [ 73 525]]
[[109   0]
 [ 74 524]]
[[109   0]
 [ 83 515]]
