[[ 48  47]
 [ 17 502]]
[[ 47  48]
 [ 18 501]]
[[ 48  47]
 [ 20 499]]
[[ 47  48]
 [ 19 500]]
[[ 48  47]
 [ 20 499]]
[[ 47  48]
 [ 19 500]]
[[ 47  48]
 [ 20 499]]
[[ 47  48]
 [ 21 498]]
[[ 45  50]
 [ 19 500]]
[[ 47  48]
 [ 22 497]]
[[ 46  49]
 [ 23 496]]
[[ 39  56]
 [ 19 500]]
[[ 39  56]
 [ 19 500]]
[[ 41  54]
 [ 22 497]]
[[ 41  54]
 [ 23 496]]
[[ 57  38]
 [ 95 424]]
[[ 60  35]
 [ 98 421]]
[[ 57  38]
 [ 95 424]]
[[ 61  34]
 [104 415]]
[[ 58  37]
 [101 418]]
[[ 60  35]
 [105 414]]
[[ 58  37]
 [127 392]]
[[ 57  38]
 [127 392]]
[[ 55  40]
 [130 389]]
[[ 57  38]
 [138 381]]
