[[ 77  32]
 [ 84 514]]
[[ 42  67]
 [ 49 549]]
[[ 76  33]
 [ 95 503]]
[[ 76  33]
 [ 95 503]]
[[ 47  62]
 [ 76 522]]
[[ 47  62]
 [ 76 522]]
[[ 47  62]
 [ 76 522]]
[[ 80  29]
 [128 470]]
[[ 44  65]
 [ 93 505]]
[[ 77  32]
 [145 453]]
[[ 77  32]
 [145 453]]
[[ 53  56]
 [121 477]]
[[ 71  38]
 [144 454]]
[[ 79  30]
 [156 442]]
[[ 79  30]
 [156 442]]
[[ 93  16]
 [176 422]]
[[ 79  30]
 [167 431]]
[[ 78  31]
 [168 430]]
[[ 84  25]
 [179 419]]
[[ 78  31]
 [180 418]]
[[ 85  24]
 [194 404]]
[[ 71  38]
 [186 412]]
[[ 80  29]
 [201 397]]
[[ 78  31]
 [201 397]]
[[ 74  35]
 [205 393]]
