[[109   0]
 [ 57 541]]
[[109   0]
 [ 65 533]]
[[109   0]
 [ 67 531]]
[[109   0]
 [ 68 530]]
[[109   0]
 [ 69 529]]
[[109   0]
 [ 69 529]]
[[109   0]
 [ 69 529]]
[[109   0]
 [ 70 528]]
[[109   0]
 [ 78 520]]
[[109   0]
 [ 80 518]]
[[109   0]
 [ 80 518]]
[[109   0]
 [ 85 513]]
[[107   2]
 [ 88 510]]
[[109   0]
 [ 91 507]]
[[109   0]
 [ 95 503]]
[[109   0]
 [ 96 502]]
[[109   0]
 [ 96 502]]
[[109   0]
 [103 495]]
[[109   0]
 [107 491]]
[[109   0]
 [117 481]]
[[109   0]
 [118 480]]
[[108   1]
 [131 467]]
[[109   0]
 [165 433]]
[[109   0]
 [165 433]]
[[109   0]
 [169 429]]
