[[156 144]
 [ 51 249]]
[[151 149]
 [ 45 255]]
[[175 125]
 [ 78 222]]
[[146 154]
 [ 44 256]]
[[157 143]
 [ 59 241]]
[[146 154]
 [ 48 252]]
[[146 154]
 [ 48 252]]
[[138 162]
 [ 40 260]]
[[139 161]
 [ 42 258]]
[[134 166]
 [ 40 260]]
[[138 162]
 [ 48 252]]
[[147 153]
 [ 60 240]]
[[127 173]
 [ 37 263]]
[[122 178]
 [ 38 262]]
[[122 178]
 [ 38 262]]
[[117 183]
 [ 40 260]]
[[113 187]
 [ 36 264]]
[[101 199]
 [ 26 274]]
[[104 196]
 [ 31 269]]
[[ 97 203]
 [ 24 276]]
[[104 196]
 [ 39 261]]
[[ 80 220]
 [ 30 270]]
[[ 69 231]
 [ 19 281]]
[[ 38 262]
 [  4 296]]
[[ 15 285]
 [  1 299]]
