[[285 215]
 [100 400]]
[[285 215]
 [100 400]]
[[294 206]
 [112 388]]
[[305 195]
 [127 373]]
[[276 224]
 [102 398]]
[[251 249]
 [ 82 418]]
[[279 221]
 [118 382]]
[[249 251]
 [ 85 415]]
[[229 271]
 [ 61 439]]
[[244 256]
 [ 90 410]]
[[218 282]
 [ 71 429]]
[[224 276]
 [ 80 420]]
[[202 298]
 [ 51 449]]
[[202 298]
 [ 51 449]]
[[202 298]
 [ 51 449]]
[[217 283]
 [ 73 427]]
[[203 297]
 [ 66 434]]
[[190 310]
 [ 67 433]]
[[144 356]
 [ 28 472]]
[[144 356]
 [ 34 466]]
[[136 364]
 [ 24 476]]
[[134 366]
 [ 26 474]]
[[133 367]
 [ 25 475]]
[[112 388]
 [ 26 474]]
[[ 96 404]
 [ 22 478]]
