0.7685185185185185
0.7521367521367521
0.75
0.7443946188340808
0.7383177570093458
0.7247706422018348
0.7238095238095238
0.7230046948356808
0.7230046948356808
0.7224669603524229
0.7155172413793104
0.7136563876651982
0.7112970711297071
0.6984126984126984
0.6948356807511737
0.6855123674911661
0.6837606837606838
0.6834170854271356
0.6831683168316832
0.6829268292682927
0.680628272251309
0.6758620689655173
0.6733668341708543
0.6719367588932806
0.6666666666666666
0.6666666666666666
0.6596858638743456
0.6559139784946236
0.6492146596858639
0.6444444444444445
0.6326530612244898
0.6285714285714286
0.6144578313253012
0.5165562913907285
0.37037037037037035
