[[146   4]
 [ 91  59]]
[[142   8]
 [ 95  55]]
[[145   5]
 [ 99  51]]
[[145   5]
 [ 99  51]]
[[134  16]
 [ 93  57]]
[[138  12]
 [ 97  53]]
[[141   9]
 [102  48]]
[[145   5]
 [107  43]]
[[140  10]
 [109  41]]
[[141   9]
 [111  39]]
[[144   6]
 [114  36]]
[[143   7]
 [114  36]]
[[146   4]
 [119  31]]
[[147   3]
 [121  29]]
[[144   6]
 [120  30]]
[[145   5]
 [122  28]]
[[145   5]
 [122  28]]
[[147   3]
 [124  26]]
[[146   4]
 [131  19]]
[[148   2]
 [132  18]]
[[148   2]
 [132  18]]
[[147   3]
 [133  17]]
[[147   3]
 [133  17]]
[[147   3]
 [133  17]]
[[145   5]
 [138  12]]
