[[ 82  13]
 [  4 515]]
[[ 83  12]
 [  7 512]]
[[ 85  10]
 [  9 510]]
[[ 82  13]
 [  6 513]]
[[ 84  11]
 [  9 510]]
[[ 81  14]
 [  6 513]]
[[ 86   9]
 [ 11 508]]
[[ 82  13]
 [  7 512]]
[[ 81  14]
 [  8 511]]
[[ 81  14]
 [  9 510]]
[[ 77  18]
 [  6 513]]
[[ 79  16]
 [  8 511]]
[[ 79  16]
 [  8 511]]
[[ 78  17]
 [  7 512]]
[[ 75  20]
 [  5 514]]
[[ 75  20]
 [  5 514]]
[[ 74  21]
 [  7 512]]
[[ 75  20]
 [ 13 506]]
[[ 63  32]
 [  4 515]]
[[ 59  36]
 [ 18 501]]
[[ 34  61]
 [  2 517]]
[[ 63  32]
 [ 36 483]]
[[ 29  66]
 [  2 517]]
[[ 15  80]
 [  1 518]]
[[ 14  81]
 [  1 518]]
