[[131  19]
 [ 39 111]]
[[131  19]
 [ 40 110]]
[[133  17]
 [ 46 104]]
[[115  35]
 [ 29 121]]
[[124  26]
 [ 41 109]]
[[132  18]
 [ 49 101]]
[[121  29]
 [ 39 111]]
[[116  34]
 [ 36 114]]
[[121  29]
 [ 41 109]]
[[121  29]
 [ 42 108]]
[[121  29]
 [ 44 106]]
[[104  46]
 [ 30 120]]
[[113  37]
 [ 40 110]]
[[107  43]
 [ 34 116]]
[[108  42]
 [ 36 114]]
[[132  18]
 [ 59  91]]
[[137  13]
 [ 65  85]]
[[ 99  51]
 [ 33 117]]
[[104  46]
 [ 39 111]]
[[112  38]
 [ 47 103]]
[[110  40]
 [ 51  99]]
[[111  39]
 [ 54  96]]
[[102  48]
 [ 46 104]]
[[115  35]
 [ 62  88]]
[[135  15]
 [ 83  67]]
