[[131  19]
 [ 39 111]]
[[131  19]
 [ 40 110]]
[[131  19]
 [ 42 108]]
[[125  25]
 [ 38 112]]
[[133  17]
 [ 46 104]]
[[115  35]
 [ 29 121]]
[[127  23]
 [ 44 106]]
[[122  28]
 [ 42 108]]
[[124  26]
 [ 47 103]]
[[117  33]
 [ 49 101]]
[[141   9]
 [ 75  75]]
[[114  36]
 [ 53  97]]
[[107  43]
 [ 47 103]]
[[141   9]
 [ 78  72]]
[[113  37]
 [ 57  93]]
[[129  21]
 [ 72  78]]
[[141   9]
 [ 83  67]]
[[107  43]
 [ 56  94]]
[[ 95  55]
 [ 47 103]]
[[149   1]
 [ 96  54]]
[[91 59]
 [54 96]]
[[ 71  79]
 [ 36 114]]
[[148   2]
 [103  47]]
[[148   2]
 [109  41]]
[[148   2]
 [111  39]]
