[[108   1]
 [ 28 570]]
[[ 96  13]
 [ 19 579]]
[[107   2]
 [ 31 567]]
[[ 94  15]
 [ 19 579]]
[[ 99  10]
 [ 25 573]]
[[ 92  17]
 [ 18 580]]
[[103   6]
 [ 30 568]]
[[ 96  13]
 [ 24 574]]
[[101   8]
 [ 31 567]]
[[100   9]
 [ 31 567]]
[[106   3]
 [ 38 560]]
[[105   4]
 [ 40 558]]
[[ 79  30]
 [ 24 574]]
[[ 76  33]
 [ 26 572]]
[[ 70  39]
 [ 24 574]]
[[ 72  37]
 [ 27 571]]
[[ 79  30]
 [ 36 562]]
[[ 75  34]
 [ 37 561]]
[[ 68  41]
 [ 32 566]]
[[ 47  62]
 [ 11 587]]
[[ 49  60]
 [ 14 584]]
[[ 49  60]
 [ 15 583]]
[[ 37  72]
 [  4 594]]
[[ 36  73]
 [  7 591]]
[[ 29  80]
 [  4 594]]
