[[52 48]
 [16 84]]
[[52 48]
 [16 84]]
[[52 48]
 [16 84]]
[[46 54]
 [11 89]]
[[46 54]
 [11 89]]
[[45 55]
 [12 88]]
[[45 55]
 [13 87]]
[[45 55]
 [13 87]]
[[42 58]
 [ 9 91]]
[[44 56]
 [12 88]]
[[43 57]
 [12 88]]
[[40 60]
 [ 9 91]]
[[42 58]
 [13 87]]
[[42 58]
 [13 87]]
[[42 58]
 [13 87]]
[[41 59]
 [12 88]]
[[41 59]
 [14 86]]
[[  3  97]
 [  0 100]]
[[  3  97]
 [  0 100]]
[[  3  97]
 [  0 100]]
[[  2  98]
 [  0 100]]
[[  0 100]
 [  0 100]]
[[  0 100]
 [  0 100]]
[[  0 100]
 [  0 100]]
[[  0 100]
 [  0 100]]
