[[ 15  35  45]
 [ 12 451  56]
 [  7 270 146]]
[[ 15  37  43]
 [ 12 451  56]
 [  3 276 144]]
[[ 16  26  53]
 [ 15 403 101]
 [ 13 219 191]]
[[ 12  36  47]
 [  9 457  53]
 [  4 278 141]]
[[ 12  36  47]
 [  9 457  53]
 [  4 278 141]]
[[ 17  31  47]
 [ 17 448  54]
 [ 12 272 139]]
[[ 12  32  51]
 [ 10 426  83]
 [  8 251 164]]
[[  3  36  56]
 [  3 432  84]
 [  3 254 166]]
[[  5  36  54]
 [  5 431  83]
 [  3 255 165]]
[[  5  35  55]
 [ 15 422  82]
 [  4 246 173]]
[[  4  35  56]
 [ 14 421  84]
 [  4 244 175]]
[[ 49  38   8]
 [ 50 426  43]
 [ 64 264  95]]
[[ 23  31  41]
 [ 76 392  51]
 [ 75 203 145]]
[[ 32  31  32]
 [ 16 401 102]
 [ 63 234 126]]
[[ 53  37   5]
 [ 53 425  41]
 [ 90 256  77]]
[[ 32  34  29]
 [ 64 414  41]
 [ 70 245 108]]
[[ 33  32  30]
 [ 71 400  48]
 [ 89 216 118]]
[[ 25  35  35]
 [ 69 404  46]
 [ 84 223 116]]
[[ 36  36  23]
 [ 63 420  36]
 [ 89 248  86]]
[[ 41  34  20]
 [ 63 417  39]
 [ 90 250  83]]
[[ 41  34  20]
 [ 63 417  39]
 [ 90 250  83]]
[[ 47  43   5]
 [ 30 460  29]
 [ 85 310  28]]
[[ 48  43   4]
 [ 31 464  24]
 [ 98 308  17]]
[[ 34  34  27]
 [ 80 399  40]
 [ 88 242  93]]
[[ 20  72   3]
 [ 28 469  22]
 [ 55 361   7]]
