[[ 82  13]
 [  4 515]]
[[ 83  12]
 [  7 512]]
[[ 85  10]
 [  9 510]]
[[ 86   9]
 [ 11 508]]
[[ 82  13]
 [  7 512]]
[[ 84  11]
 [  9 510]]
[[ 84  11]
 [  9 510]]
[[ 82  13]
 [  7 512]]
[[ 82  13]
 [  8 511]]
[[ 81  14]
 [  8 511]]
[[ 80  15]
 [  9 510]]
[[ 76  19]
 [  5 514]]
[[ 80  15]
 [  9 510]]
[[ 75  20]
 [  5 514]]
[[ 76  19]
 [  8 511]]
[[ 71  24]
 [  5 514]]
[[ 55  40]
 [  2 517]]
[[ 54  41]
 [  2 517]]
[[ 54  41]
 [  2 517]]
[[ 49  46]
 [  3 516]]
[[ 48  47]
 [  7 512]]
[[ 42  53]
 [  3 516]]
[[ 36  59]
 [  2 517]]
[[ 34  61]
 [  2 517]]
[[ 33  62]
 [  2 517]]
