0.737785016286645
0.7833876221498371
0.7833876221498371
0.8273615635179153
0.8827361563517915
0.8990228013029316
0.8990228013029316
0.8990228013029316
0.8990228013029316
0.8990228013029316
0.8990228013029316
0.9006514657980456
0.9006514657980456
0.9006514657980456
0.9006514657980456
0.9006514657980456
0.9022801302931596
0.9022801302931596
0.9022801302931596
0.9022801302931596
0.9022801302931596
0.9022801302931596
0.9022801302931596
0.9022801302931596
0.9022801302931596
0.9022801302931596
0.9022801302931596
