0.5212136944420409
0.5725902694901612
0.6043956043956044
0.6849921248031201
0.7098839535814325
0.7098839535814325
0.7098839535814325
0.7148217636022514
0.7148217636022514
0.7148217636022514
0.7148217636022514
0.7148217636022514
0.7241656009428521
0.7241656009428521
0.7241656009428521
0.7241656009428521
0.7241656009428521
0.7241656009428521
0.7241656009428521
0.7241656009428521
0.7241656009428521
0.7244419950399559
0.7244419950399559
0.7244419950399559
0.7244419950399559
0.7244419950399559
0.7244419950399559
0.7244419950399559
0.7244419950399559
0.7244419950399559
0.7244419950399559
0.7244419950399559
