0.7129258895520133
0.7129258895520133
0.7129258895520133
0.7146504467973267
0.7146504467973267
0.7146504467973267
0.714935860568628
0.714935860568628
0.714935860568628
0.714935860568628
0.7241656009428521
0.7241656009428521
0.7241656009428521
0.7241656009428521
0.724938111074992
0.724938111074992
0.72997299729973
0.72997299729973
0.7449426120877197
0.7449426120877197
0.7449426120877197
0.7449426120877197
0.7449426120877197
0.7449426120877197
0.7449426120877197
0.7449426120877197
0.7449426120877197
0.7449426120877197
0.7449426120877197
