[[78 22]
 [33 67]]
[[78 22]
 [33 67]]
[[78 22]
 [34 66]]
[[72 28]
 [29 71]]
[[80 20]
 [38 62]]
[[81 19]
 [39 61]]
[[50 50]
 [22 78]]
[[43 57]
 [17 83]]
[[83 17]
 [62 38]]
[[91  9]
 [69 31]]
[[90 10]
 [70 30]]
[[88 12]
 [71 29]]
[[96  4]
 [77 23]]
[[94  6]
 [77 23]]
[[92  8]
 [76 24]]
[[97  3]
 [86 14]]
[[99  1]
 [93  7]]
[[97  3]
 [98  2]]
[[100   0]
 [100   0]]
[[100   0]
 [100   0]]
[[100   0]
 [100   0]]
[[100   0]
 [100   0]]
[[100   0]
 [100   0]]
[[100   0]
 [100   0]]
[[100   0]
 [100   0]]
