0.7033312382149592
0.7033312382149592
0.7033312382149592
0.7033312382149592
0.7033312382149592
0.7033312382149592
0.7033312382149592
0.7033312382149592
0.7064480210547626
0.7064480210547626
0.7064480210547626
0.7064480210547626
0.7064480210547626
0.7064480210547626
0.7064480210547626
0.7064480210547626
0.7064480210547626
0.7064480210547626
0.7064480210547626
0.7064480210547626
0.7064480210547626
0.7099709970997099
0.7099709970997099
0.7099709970997099
0.7099709970997099
0.7099709970997099
0.7099709970997099
0.7099709970997099
0.7099709970997099
0.7099709970997099
0.7099709970997099
0.7099709970997099
0.7099709970997099
0.7099709970997099
0.7099709970997099
0.7099709970997099
0.7099709970997099
0.7099709970997099
0.7099709970997099
0.7099709970997099
0.7099709970997099
0.7099709970997099
0.7099709970997099
0.7099709970997099
0.7099709970997099
0.7099709970997099
0.7099709970997099
0.7099709970997099
0.7099709970997099
0.7099709970997099
0.7099709970997099
0.7099709970997099
