0.6899689968996899
0.6948092557848655
0.6948092557848655
0.6948092557848655
0.6948092557848655
0.6948092557848655
0.6948092557848655
0.6948092557848655
0.6948092557848655
0.6948092557848655
0.6948092557848655
0.6948092557848655
0.6948092557848655
0.6948092557848655
0.6948092557848655
0.6948092557848655
0.6948092557848655
0.6948092557848655
0.6948092557848655
0.6948092557848655
0.6948092557848655
0.6948092557848655
0.6948092557848655
0.705762987012987
0.705762987012987
0.705762987012987
0.705762987012987
0.705762987012987
0.705762987012987
0.705762987012987
0.705762987012987
0.705762987012987
0.705762987012987
0.705762987012987
0.705762987012987
0.705762987012987
0.705762987012987
0.705762987012987
0.705762987012987
0.705762987012987
0.705762987012987
0.705762987012987
0.705762987012987
0.705762987012987
0.705762987012987
0.705762987012987
0.705762987012987
0.705762987012987
0.705762987012987
0.705762987012987
0.705762987012987
0.705762987012987
0.705762987012987
0.705762987012987
