[[131  19]
 [ 39 111]]
[[134  16]
 [ 42 108]]
[[131  19]
 [ 40 110]]
[[131  19]
 [ 42 108]]
[[125  25]
 [ 38 112]]
[[125  25]
 [ 40 110]]
[[126  24]
 [ 43 107]]
[[125  25]
 [ 43 107]]
[[113  37]
 [ 35 115]]
[[115  35]
 [ 42 108]]
[[115  35]
 [ 44 106]]
[[113  37]
 [ 48 102]]
[[104  46]
 [ 42 108]]
[[105  45]
 [ 44 106]]
[[140  10]
 [ 76  74]]
[[110  40]
 [ 51  99]]
[[117  33]
 [ 58  92]]
[[101  49]
 [ 48 102]]
[[138  12]
 [ 85  65]]
[[140  10]
 [ 89  61]]
[[ 86  64]
 [ 46 104]]
[[146   4]
 [ 98  52]]
[[147   3]
 [104  46]]
[[144   6]
 [104  46]]
[[146   4]
 [107  43]]
