0.7290244881573664
0.7290244881573664
0.7390606182256123
0.7390606182256123
0.7390606182256123
0.7390606182256123
0.7390606182256123
0.7390606182256123
0.7390606182256123
0.7390606182256123
0.7390606182256123
0.7390606182256123
0.7393483709273183
0.7393483709273183
0.7393483709273183
0.7393483709273183
0.7393483709273183
0.7393483709273183
0.742677665935064
0.742677665935064
0.742677665935064
0.742677665935064
0.742677665935064
0.742677665935064
0.742677665935064
0.742677665935064
0.742677665935064
0.7435575109993715
0.7435575109993715
0.7435575109993715
0.7435575109993715
0.7435575109993715
0.7435575109993715
0.7435575109993715
0.7435575109993715
0.7435575109993715
0.7435575109993715
0.7435575109993715
