[[148  52]
 [ 48 152]]
[[136  64]
 [ 36 164]]
[[154  46]
 [ 55 145]]
[[154  46]
 [ 55 145]]
[[154  46]
 [ 55 145]]
[[141  59]
 [ 42 158]]
[[152  48]
 [ 54 146]]
[[135  65]
 [ 43 157]]
[[159  41]
 [ 68 132]]
[[130  70]
 [ 39 161]]
[[130  70]
 [ 39 161]]
[[111  89]
 [ 28 172]]
[[109  91]
 [ 33 167]]
[[103  97]
 [ 27 173]]
[[ 98 102]
 [ 25 175]]
[[ 99 101]
 [ 28 172]]
[[101  99]
 [ 38 162]]
[[ 84 116]
 [ 16 184]]
[[102  98]
 [ 40 160]]
[[ 96 104]
 [ 33 167]]
[[ 83 117]
 [ 18 182]]
[[ 87 113]
 [ 27 173]]
[[ 79 121]
 [ 18 182]]
[[ 52 148]
 [ 12 188]]
[[ 49 151]
 [ 10 190]]
