0.22205105815943224
0.22205105815943224
0.22205105815943224
0.22205105815943224
0.22205105815943224
0.22205105815943224
0.2222944969491728
0.22386681297395722
0.22546105335874406
0.22736547920381145
0.22736547920381145
0.2279870353271548
0.2281182786199321
0.2281182786199321
0.22871958696122408
0.229560172768404
0.229560172768404
0.229560172768404
0.229560172768404
0.23166094100804252
0.23166094100804252
0.23634626234059003
0.23634626234059003
0.23634626234059003
0.23634626234059003
0.23634626234059003
0.23634626234059003
0.23634626234059003
0.23634626234059003
0.23634626234059003
0.23634626234059003
0.23634626234059003
